0
-1.31181e+10
-1.30352e+10
-1.13761e+9
5.03457e+9
1.08968e+9
3.21362e+9
-2.43308e+9
1.34571e+9
-5.93728e+8
1.23012e+9
4.66271e+8
2.9173e+8
-4.04064e+8
-3.6497e+8
8.6707e+8
5.03229e+8
3.21466e+8
2.47398e+8
6.6328e+8
2.85821e+9
-1.91867e+9
-7.39211e+8
1.31002e+9
-3.57657e+9
1.73866e+9
1.52908e+9
-1.15428e+9
8.37827e+8
-1.6423e+9
2.5361e+8
8.97585e+8
-1.40377e+9
-1.34487e+9
-5.40539e+8
6.57074e+8
1.35489e+9
-5.90897e+8
1.96083e+8
-5.03069e+8
1.09056e+9
-1.32525e+9
1.26931e+9
3.48139e+9
3.44193e+8
5.96982e+8
-2.23679e+9
-2.5608e+8
1.43966e+9
-7.77522e+8
-1.24984e+9
-1.37592e+8
6.95166e+8
9.01381e+8
-7.529e+8
-2.46377e+8
-6.45705e+8
2.02987e+9
-2.26909e+8
-4.34753e+9
-5.34419e+8
7.12601e+8
-1.18154e+9
-5.44864e+7
1.26807e+9
-1.7099e+9
8.79448e+7
4.47494e+8
2.94126e+8
-1.82439e+9
1.84813e+8
1.83807e+8
1.90144e+9
8.61576e+8
-4.77211e+8
-1.92609e+9
1.03191e+9
1.19897e+9
5.63153e+8
2.55743e+8
1.88847e+9
-1.60686e+9
-2.59663e+8
3.11297e+9
2.41026e+9
1.20714e+9
-1.1572e+8
1.75725e+9
-1.14878e+9
-8.9237e+8
-2.22869e+9
-4.75892e+8
5.85635e+8
-1.14854e+9
5.39035e+8
3.22793e+8
1.4992e+9
1.55873e+9
-7.7562e+8
-1.55602e+8
1.00189e+9
1.36476e+9
2.47463e+8
1.18343e+9
-8.88828e+8
-1.04647e+9
-1.06499e+9
1.20566e+9
-7.64176e+8
-6.63939e+8
1.75908e+8
-2.71077e+8
-5.93454e+7
1.2501e+8
2.16105e+8
1.73627e+8
-8.60321e+8
-4.80406e+8
-4.57688e+8
-4.54993e+8
3.08671e+8
7.57355e+8
1.35238e+9
2.45464e+8
-6.06318e+8
-4.95498e+8
-9.95085e+8
-1.79341e+8
-2.87473e+7
4.62303e+8
6.68573e+8
-9.48225e+7
-1.65424e+8
8.40005e+7
5.79343e+8
-2.78069e+8
-9.58931e+8
1.16733e+8
-1.10757e+8
2.11784e+8
5.99928e+8
5.69718e+7
-4.68111e+8
-5.94409e+8
9.33782e+7
-1.00287e+9
7.12713e+8
1.01989e+9
1.34764e+9
2.03003e+9
5.03557e+7
4.23014e+8
-1.39202e+9
-1.88767e+8
-2.26904e+8
6.32769e+8
1.87818e+8
2.10631e+8
-1.19947e+9
-4.98054e+8
-1.45483e+9
3.12264e+8
3.22384e+8
-1.32947e+9
-4.86973e+8
-6.3078e+7
-5.65669e+8
-7.1792e+8
7.63499e+8
-5.97395e+8
6.6673e+8
1.0264e+9
-4.64246e+8
2.9137e+8
-9.81403e+7
-2.49655e+8
-3.59441e+8
-6.2455e+8
3.2053e+8
-1.689e+8
-5.82783e+8
-3.4918e+8
-8.5182e+7
3.70212e+8
5.04443e+8
-5.97589e+8
8.5154e+7
5.37907e+8
8.1806e+7
-5.53294e+8
-2.49693e+8
-6.39677e+8
-2.11893e+8
1.86684e+8
7.82131e+8
7.60297e+8
3.75149e+8
1.67529e+8
-1.40708e+8
-6.81202e+8
-5.89315e+8
2.6347e+7
-1.02541e+8
9.95904e+7
3.78502e+8
1.12188e+8
-9.28114e+7
-6.46264e+8
-3.70619e+8
-4.46309e+8
1.26557e+9
9.81135e+8
-2.88882e+8
-2.79777e+8
-2.89461e+8
1.92051e+8
5.28988e+8
1.81962e+8
-4.55474e+8
-4.20034e+8
7.21561e+7
-1.70638e+8
5.25001e+8
6.18457e+8
-4.41867e+8
-2.04783e+8
5.20307e+8
-7.52281e+7
-5.79988e+7
6.78185e+8
-6.26838e+7
1.46257e+8
-2.5089e+8
-7.86771e+8
-1.18206e+6
5.62571e+8
3.85228e+7
3.90278e+7
-4.40053e+8
-4.59355e+8
3.15864e+8
-3.50372e+8
1.94395e+8
7.83388e+8
3.20086e+8
-2.8085e+7
6.55961e+7
1.62372e+8
-5.05896e+8
1.82256e+6
1.94352e+8
1.55915e+8
-2.12122e+8
-1.12119e+8
6.73261e+8
4.9497e+8
-3.95175e+8
6.14412e+8
-8.75628e+8
-4.65734e+8
-1.10187e+8
-4.65712e+8
1.63131e+8
-2.49491e+8
-6.6405e+8
5.07041e+8
3.95022e+8
-1.02347e+9
-4.57274e+7
5.89196e+8
2.7429e+8
3.27601e+7
-7.46725e+7
-9.34358e+7
-5.56216e+8
-6.63013e+8
4.73879e+8
3.95904e+8
-5.4032e+7
3.85644e+8
3.35269e+8
-4.44547e+8
-2.44584e+8
8.25933e+6
-5.90406e+7
-1.87631e+7
-5.45821e+7
6.1224e+8
2.43743e+8
-4.06642e+8
-2.1759e+8
-1.77875e+8
2.22273e+8
7.05942e+8
-1.0959e+8
-7.03359e+6
-6.809e+8
-2.10062e+8
-9.13461e+7
-3.23264e+8
-8.55562e+7
6.19758e+7
-1.37428e+7
-3.96181e+8
3.01905e+8
4.81716e+8
-7.51206e+8
-5.29692e+8
-1.36195e+8
-1.31253e+7
2.524e+8
-4.77946e+8
-6.1626e+7
2.19851e+7
-3.03427e+8
-5.44907e+8
2.57172e+8
-1.8265e+8
2.12111e+7
1.78394e+8
4.51039e+8
-2.48049e+8
-3.44018e+8
1.26194e+8
3.68129e+8
-6.6785e+8
1.507e+8
4.58358e+8
-4.95641e+8
-5.76342e+8
4.99286e+8
-1.23556e+7
3.11202e+7
1.92453e+7
1.9417e+8
-5.47648e+8
2.39588e+8
1.49606e+7
4.19511e+8
-1.75398e+8
1.33198e+7
7.19506e+8
6.47467e+8
2.79886e+8
-2.68209e+7
-2.91913e+8
-3.54694e+8
-6.68928e+8
8.91504e+7
5.09214e+8
4.55655e+8
-2.95946e+8
1.36867e+8
3.71102e+8
5.61519e+8
4.69842e+8
3.8574e+8
1.2327e+8
-4.47444e+8
-4.08024e+7
-9.86657e+7
1.52001e+8
-2.8199e+8
1.77307e+8
5.26723e+8
-1.37428e+8
-8.5572e+7
-1.3257e+8
-1.13923e+8
1.83612e+8
1.8154e+8
-1.2972e+8
-2.56709e+8
2.47229e+8
6.10124e+8
8.39722e+7
-3.5106e+8
-3.21568e+8
4.77311e+7
-1.46891e+8
4.05219e+8
6.83047e+7
3.23775e+8
4.8725e+8
1.47651e+8
3.31701e+8
2.29404e+8
1.42732e+8
-1.41784e+7
1.33956e+8
-6.16216e+7
1.58113e+8
1.98814e+8
4.74636e+8
-1.91895e+8
2.95972e+8
-1.92501e+8
-2.26454e+8
-2.78012e+8
-3.25782e+7
2.62532e+8
2.16302e+8
1.29891e+8
1.74941e+7
-1.36016e+8
3.45644e+8
-2.13816e+8
4.83996e+7
3.26947e+8
3.39171e+8
1.65393e+7
1.31431e+8
-1.16209e+8
3.82121e+8
-2.79478e+8
1.91616e+8
-7.44322e+8
-5.22189e+8
8.93199e+7
2.03423e+8
4.18319e+8
1.66418e+8
-3.72585e+8
-3.10286e+7
-2.58451e+8
-1.32916e+8
5.99981e+7
2.71759e+8
2.97911e+8
1.85249e+8
-2.21182e+8
6.14942e+8
-2.80591e+7
-2.24095e+8
-5.69861e+8
-5.73763e+7
-3.56305e+8
2.76796e+8
-8.11074e+7
-8.55112e+7
-1.34418e+8
-3.51334e+8
-4.09026e+8
5.27979e+7
-3.26459e+8
-3.47525e+8
9.71089e+7
-1.12791e+7
2.98797e+8
-4.44154e+7
-2.3621e+8
2.87156e+8
-8.2148e+7
6.42795e+7
-2.69772e+8
-2.33177e+8
4.55802e+7
-7.45912e+7
-4.76002e+8
1.69351e+8
-7.65734e+7
-4.25749e+8
5.43462e+7
-2.61178e+6
-4.6595e+8
-1.53009e+8
-1.48857e+8
-3.86374e+8
2.17914e+8
-5.63063e+7
1.79901e+8
1.39068e+8
-5.34397e+8
-4.08823e+8
-4.88775e+7
-1.6648e+8
1.5233e+8
-3.80416e+8
9.15603e+7
-6.00471e+7
7.93991e+7
1.17472e+8
2.19355e+8
6.12763e+6
-1.68041e+7
-2.92242e+8
-1.44118e+7
5.32436e+7
-3.85195e+7
3.10816e+8
2.50264e+8
-3.43231e+8
-3.97038e+7
1.58502e+8
-3.15463e+8
-1.27005e+8
1.30573e+8
-9.17749e+7
-1.474e+8
-5.48197e+7
7.18956e+7
5.41402e+7
-8.96262e+7
-2.45524e+8
-1.11913e+8
-3.44517e+8
1.01357e+8
-1.12982e+7
6.58872e+7
2.30411e+8
-1.9473e+8
-3.25919e+8
4.44491e+8
1.23547e+8
-3.03853e+8
-3.06146e+8
-1.73452e+8
-3.63203e+8
-9.17768e+7
-7.6196e+7
2.14233e+8
-3.63543e+8
3.36116e+8
-2.6871e+7
1.0572e+8
-3.85759e+8
5.75334e+8
3.82927e+8
1.06355e+8
4.54712e+8
-1.63587e+7
-2.35176e+8
-1.76394e+7
-1.90596e+8
9.95452e+7
1.1161e+8
3.32571e+7
-2.73425e+8
3.13344e+8
1.92128e+8
3.24346e+7
2.77334e+8
2.14409e+7
-1.89111e+8
1.63428e+8
-8.95563e+7
1.00036e+8
1.10887e+8
2.19182e+8
1.75326e+8
-1.46784e+8
-9.57863e+7
2.81573e+8
3.63694e+8
1.06823e+8
-6.79694e+7
-1.22854e+8
1.59614e+8
1.57626e+8
1.53635e+8
-1.28561e+6
-1.53753e+8
-1.91661e+8
3.89989e+8
-2.08955e+8
-1.71783e+8
3.4707e+8
8.89632e+7
-2.51965e+8
-2.28709e+8
-4.61769e+7
1.24027e+6
-3.3977e+8
-2.47468e+8
3.47864e+8
-4.00324e+7
3.33665e+8
2.94564e+8
5.8526e+7
-6.26636e+7
-1.56129e+8
4.07631e+7
1.09425e+8
-2.74499e+8
-2.38039e+8
1.24457e+8
2.4805e+8
-2.64742e+7
3.74981e+8
-1.16829e+7
2.7734e+8
1.3489e+8
-3.29072e+8
1.87179e+8
7.19991e+7
8.53173e+7
4.38741e+8
-1.1672e+7
-7.83089e+7
3.52706e+8
-1.16142e+7
5.85805e+7
-1.15742e+8
3.86996e+7
1.0567e+7
-1.36183e+8
-5.51035e+7
2.85907e+8
7.34139e+7
1.05269e+8
1.38781e+8
-1.37727e+8
-1.73261e+8
2.30814e+8
1.33642e+8
1.86936e+8
-3.44628e+8
-7.42988e+7
1.5109e+8
-2.9068e+8
-1.62194e+7
3.63289e+8
1.68127e+8
9.62591e+7
-2.24221e+8
-1.14557e+8
3.70273e+8
2.14915e+8
-1.00167e+8
5.54195e+8
-2.75766e+8
-1.74275e+8
-1.78934e+8
-3.49732e+8
-9.17757e+7
6.38466e+7
2.96309e+8
3.14329e+8
-2.95801e+8
1.54464e+8
1.73908e+8
-2.13867e+8
-3.23176e+8
-1.02423e+8
4.21518e+7
3.26219e+8
6.14331e+7
-2.49312e+7
5.25656e+7
-3.7366e+7
-4.70191e+8
3.68067e+7
1.62142e+8
-1.18266e+8
1.97773e+8
3.39509e+8
-2.40498e+8
-1.97312e+8
-3.05509e+8
-1.37369e+8
4.91834e+7
2.89176e+7
4.63645e+8
6.32642e+7
-2.16357e+8
2.06829e+8
-6.54757e+7
1.80547e+8
3.55758e+7
4.58969e+7
-1.32619e+8
7.00634e+7
-1.05372e+8
-6.40131e+6
-3.08822e+8
-2.95172e+7
-1.04337e+8
1.63148e+7
-1.78881e+8
-3.66981e+8
-7.90531e+7
-8.82737e+7
2.15322e+8
5.79383e+7
1.75505e+8
2.34538e+8
-2.64184e+7
2.58883e+8
-2.92698e+8
-1.96029e+8
-9.62608e+7
1.78552e+8
1.70185e+8
-6.45371e+7
-4.32955e+8
1.40676e+7
-1.14181e+8
9.42648e+7
-1.31068e+8
-1.64813e+8
-3.19295e+8
-2.06198e+8
5.15136e+7
-1.86925e+8
-1.65144e+8
5.47646e+7
-3.76358e+7
-3.60211e+8
-2.85232e+7
2.43456e+8
1.15469e+7
-1.85229e+8
-1.6875e+8
-5.11237e+7
-1.31256e+8
-3.43138e+8
-1.02181e+8
-2.88188e+8
2.99444e+6
-9.31471e+7
1.3559e+8
4.09228e+7
-4.69885e+7
-3.40225e+8
2.04989e+8
-7.64964e+7
9.14175e+7
-9.16046e+7
4.2101e+7
3.84115e+7
8.36025e+7
-7.47492e+7
1.25903e+8
-8.63724e+6
5.97263e+7
1.57501e+8
2.40267e+8
-1.04699e+8
-1.5446e+8
-9.06351e+7
-1.30205e+8
1.30041e+7
2.04255e+7
2.87636e+7
2.57513e+8
-2.75529e+7
1.49231e+8
-3.50079e+7
-1.88069e+8
8.2978e+7
-1.44376e+8
-9.15915e+7
1.43765e+8
1.17225e+8
-1.96174e+8
-2.78687e+8
7.37375e+7
-2.93775e+8
1.67054e+7
6.36725e+7
2.07219e+8
-3.10934e+7
7.43031e+7
8.15352e+7
-1.25409e+8
1.38113e+7
3.02143e+8
-1.62063e+8
5.73344e+7
2.05548e+8
-1.00063e+8
-6.14644e+7
-2.40028e+8
-1.65139e+8
1.59479e+7
-1.66311e+8
5.77011e+7
-4.06361e+8
2.20459e+8
3.84038e+7
1.92534e+8
-2.0747e+7
3.03569e+8
4.89921e+7
2.97321e+8
2.65945e+8
-1.79364e+8
8.8183e+7
2.37681e+8
-2.01579e+8
1.08255e+8
3.54099e+7
2.19128e+8
2.51753e+8
-6.85578e+7
2.31398e+8
1.4382e+8
-7.36295e+7
1.4028e+8
3.14813e+8
-4.71026e+6
2.41078e+7
-7.44409e+7
2.97587e+7
-1.20508e+8
-4.53139e+7
1.69734e+8
2.98579e+8
-1.34214e+8
3.77015e+7
1.82211e+8
5.10755e+7
1.09457e+7
8.81894e+7
-1.2743e+8
1.48323e+8
-4.09005e+8
3.63669e+7
1.40944e+8
-1.46023e+8
1.02079e+8
-2.13068e+7
-2.84413e+8
-8.93958e+7
7.14045e+7
1.1699e+8
5.35207e+7
-1.46501e+8
-6.22632e+7
2.94522e+7
1.14574e+8
1.94485e+8
5.38818e+7
-2.42635e+8
1.15945e+8
2.77814e+8
-1.13379e+8
-3.68203e+6
-1.51555e+8
1.83949e+8
2.46848e+8
-5.91187e+7
-1.60664e+8
-1.49165e+8
-2.62101e+8
6.95958e+7
2.0891e+8
1.12702e+8
1.18129e+8
-1.44544e+8
-2.94688e+8
4.95327e+7
3.95056e+7
1.32019e+8
2.30501e+8
-2.67972e+8
-1.01306e+8
2.22605e+8
-9.8246e+7
-5.08798e+7
1.29441e+8
8.37092e+7
3.07623e+7
7.65827e+7
5.22101e+7
5.32222e+7
-1.65728e+8
8.15189e+7
7.12549e+7
-1.0049e+7
-1.61809e+8
2.8601e+7
-8.40804e+7
1.14693e+7
-8.98931e+7
-4.3651e+7
8.28768e+7
-3.18457e+8
9.41719e+6
3.99542e+8
-6.39273e+7
-8.66445e+7
-4.26454e+7
-5.93895e+7
4.73727e+7
-3.8366e+7
-1.01823e+8
-2.14426e+6
1.10516e+8
7.43501e+7
-4.5284e+7
5.1958e+7
-1.2648e+8
-1.90394e+8
-2.99547e+7
6.79331e+7
9.71121e+7
-1.00389e+8
7.9594e+7
5.19755e+7
-1.27513e+8
1.30686e+8
5.79254e+7
-1.53828e+8
1.0207e+7
1.91301e+7
9.27339e+7
1.26345e+8
-6.78195e+7
1.47354e+8
-5.0568e+7
-1.44613e+7
-4.33437e+7
-1.5477e+8
-2.70689e+8
-1.67717e+8
-3.99012e+7
-3.36977e+7
4.09369e+8
-5.71065e+7
-1.98376e+8
1.53186e+8
1.30382e+8
-1.09465e+8
1.33171e+8
4.97985e+6
1.00141e+8
3.39809e+8
-7.94755e+6
1.10379e+8
-2.62795e+8
-1.77232e+8
1.02104e+8
-5.53636e+7
1.82398e+7
1.73663e+8
-9.19887e+7
3.67601e+7
1.00078e+8
2.50852e+7
-9.28033e+7
3.52685e+7
-6.37858e+6
7.2682e+7
-5.11589e+7
1.80928e+8
8.1261e+7
-3.22881e+7
-3.07135e+8
4.40936e+7
-1.99844e+8
-8.74259e+7
5.51465e+7
-5.77256e+6
-3.22295e+7
2.6867e+7
-2.70792e+8
-5.81749e+7
-7.60275e+7
-3.33524e+8
-7.57759e+7
-1.88769e+7
5.66887e+7
-1.08238e+8
8.35728e+7
1.21247e+8
3.79581e+7
-3.27959e+7
1.31027e+8
3.90104e+7
-2.03167e+8
-3.46661e+7
-1.53414e+8
8.78391e+7
6.62622e+7
-1.77779e+8
-2.64334e+8
-3.33375e+8
1.78146e+8
1.52655e+8
2.87192e+7
-1.85439e+8
-1.279e+7
2.58039e+7
3.59301e+7
9.00879e+7
8.97022e+7
-2.73889e+7
-1.82168e+7
-1.26619e+8
-3.48013e+7
-1.0584e+8
-4.73965e+7
1.66973e+8
-769663
-7.72421e+7
1.61189e+8
-1.46749e+7
-1.20188e+8
-9.52772e+7
-3.78357e+6
-6.95086e+7
2.07193e+7
378547
1.28211e+8
2.83995e+8
8.15177e+6
-1.76185e+6
-2.43567e+8
-1.87648e+8
-9.23792e+7
-1.13386e+8
-8.89574e+7
-2.61751e+8
-1.2464e+8
-7.66729e+7
1.94147e+8
-1.27139e+8
2.03145e+8
9.66334e+7
-2.85509e+7
-1.40958e+8
8.82664e+7
-1.34549e+7
-7.70475e+7
-1.16455e+8
1.04081e+8
5.15046e+7
9.1534e+7
-1.04523e+8
-9.0245e+7
-1.8065e+8
2.1666e+8
-6.31096e+6
2.05748e+8
-5.26874e+7
-9.27289e+7
5.85989e+7
2.25042e+8
7.06721e+7
1.55273e+8
-1.35067e+7
1.82455e+8
9.48318e+7
-3.82809e+7
5.15492e+7
1.51043e+6
1.03487e+8
1.14906e+8
4.69681e+7
-4.8896e+7
2.88648e+7
1.62068e+7
-3.29526e+6
1.5572e+8
5.58951e+6
-5.71841e+7
1.20535e+8
-2.85337e+8
-2.1174e+8
2.17281e+8
9.60143e+7
1.89392e+8
-2.34363e+8
7.56092e+7
2.47716e+8
1.03775e+8
1.5995e+8
5.02683e+7
8.34588e+7
5.80626e+7
1.1894e+8
-5.17251e+7
5.26909e+6
-5.76937e+7
4.33045e+7
2.78138e+7
-7.86595e+7
-4.71364e+7
8.0773e+7
7.79666e+7
2.48431e+8
-3.10689e+7
-1.32556e+8
7.50616e+7
-1.18585e+8
-1.54282e+8
2.08988e+8
1.56984e+8
1.86968e+6
-2.40436e+7
1.0423e+6
1.25522e+8
1.40901e+8
6.64817e+6
1.5401e+8
-8.7047e+6
1.86074e+8
-8.90696e+7
-2.40649e+8
-7.36851e+7
1.73866e+8
-9.42271e+7
2.13588e+8
1.75294e+8
-6.71659e+7
-1.43327e+8
-1.13167e+7
-2.14441e+8
-7.17712e+7
6.81641e+6
1.81989e+8
2.13764e+8
8.48743e+7
-2.51573e+8
-1.1358e+8
-1.37428e+8
7.57119e+7
1.61077e+8
-2.06631e+7
-1.60336e+8
-5.83853e+7
-1.64799e+8
6.8634e+7
9.13512e+7
5.17501e+7
7.59407e+7
-5.73173e+7
-1.73468e+8
-8.35834e+7
-1.60167e+8
-1.43996e+7
-6.3007e+6
-9.5402e+7
1.40732e+8
4.93042e+7
1.19062e+8
8.24218e+7
-5.00744e+7
5.99745e+6
-1.05856e+8
-2.83598e+7
5.68365e+7
2.23198e+8
4.66387e+7
1.57679e+8
-2.35517e+8
-2.176e+8
-1.88195e+7
-1.58861e+7
-1.55419e+8
9.75151e+7
-6.59613e+7
-4.38125e+7
-1.02466e+8
-1.2207e+8
-1.60789e+8
-1.77796e+8
1.0971e+8
-1.90246e+8
-1.59808e+7
1.56775e+8
1.34924e+8
3.55366e+7
-8.33201e+7
-6.44731e+6
-6.21662e+7
-2.39736e+7
-4.50872e+7
-2.09064e+8
1.22645e+7
5.04914e+7
-7.90432e+7
-1.53683e+8
-4.20777e+7
-5.63101e+7
1.98845e+8
6.01841e+7
4.91627e+6
-3.85051e+6
-3.39934e+7
-5.41078e+7
1.19544e+8
-1.38884e+8
-1.68072e+8
9.72989e+7
7.64691e+7
5.29143e+7
1.37228e+8
-5.59265e+7
3.12133e+7
2.66591e+7
-1.44082e+8
-1.41336e+8
-1.09059e+7
2.63606e+7
2.84422e+7
-4.97603e+7
1.10166e+8
6.50957e+7
5.70813e+7
3.41233e+7
9.26416e+6
-1.6274e+8
1.48084e+8
1.57089e+8
-1.99745e+8
1.59001e+8
8.14775e+7
7.79175e+7
3.93999e+7
-1.30512e+8
-6.72627e+7
1.50848e+7
-2.13944e+8
-9.65429e+7
-1.16313e+8
-1.27301e+8
2.05885e+8
8.19799e+7
-1.45055e+7
-1.50493e+8
-7.87887e+6
5.4017e+7
2.58054e+8
7.14269e+7
-3.86591e+7
1.85232e+8
-3.18218e+8
-2.63718e+8
-4.42804e+7
1.24768e+7
1.67662e+8
-2.12065e+8
9.63612e+7
2.11175e+7
-6.31225e+7
-2.64556e+7
4.75397e+7
1.33282e+8
3.21434e+8
-1.78723e+7
-1.81645e+8
1.27446e+8
4.64546e+7
1.56355e+8
1.09606e+8
-2.35772e+8
-2.98324e+8
-4.82697e+7
9.77105e+7
2.35175e+8
-7.49393e+6
-3.12011e+7
2.04151e+7
-1.6342e+8
2.51883e+7
-4.76162e+7
-7.87465e+7
9.77054e+7
-2.02639e+6
-6.76373e+7
1.34423e+8
7.38284e+7
-5.10449e+7
4.60881e+7
-3.55021e+7
-3.66619e+7
4.68822e+7
-2.32111e+8
-4.90519e+7
3.84832e+7
-2.99074e+7
1.56507e+8
1.50396e+8
-7.08176e+7
1.17665e+8
5.03628e+7
3.23755e+7
-3.94485e+7
-1.47729e+8
1.4483e+8
1.13833e+8
8.37524e+7
-8.4313e+7
-8.6307e+7
-3.12301e+7
1.65144e+7
-6.24151e+7
1.65669e+7
5.81592e+7
-1.22936e+8
-1.23596e+7
3.79234e+6
-1.11492e+8
5.5206e+7
7.60025e+7
7.82069e+6
-1.92811e+7
-1.84289e+8
1.36462e+8
3.85563e+7
-1.18179e+8
3.30803e+7
2.48602e+8
1.48296e+8
-1.0021e+8
-4.25773e+7
-1.22195e+8
4.5905e+7
7.0427e+7
-2.3546e+7
-3.12555e+7
-1.54617e+8
7.49492e+7
2.10631e+7
-1.72636e+8
1.38892e+7
8.06674e+7
-3.03903e+7
1.39169e+8
6.12337e+7
1.10877e+8
-5.18025e+7
-6.65355e+7
3.06223e+6
2.79114e+6
9.62583e+7
4.22062e+7
3.37568e+7
2.86219e+6
3.87189e+7
6.99765e+7
5.02148e+7
4.09531e+7
-9.16196e+7
-7.9558e+7
1.12901e+8
3.12107e+7
7.52972e+7
-5.33156e+6
9.44662e+7
-1.32871e+8
-8.77997e+7
2.34367e+8
-6.46239e+6
-5.64624e+7
1.89322e+8
-1.33629e+8
-2.08167e+7
3.94287e+7
1.21493e+8
-5.61722e+7
1.81198e+8
-5.81781e+7
-1.10716e+8
-2.57987e+8
-1.10224e+8
-1.35658e+7
-1.65189e+8
-6.9002e+7
7.41917e+7
-9.51523e+7
3.5366e+7
-1.38785e+6
-1.48489e+8
3.73062e+7
-2.10242e+8
2.24728e+7
-3.17353e+7
1.89154e+7
4.5376e+7
-2.28831e+7
4.33047e+7
1.48351e+7
-1.18621e+8
1.02616e+8
-590702
2.26472e+8
1.2066e+8
-1.27747e+8
-1.5204e+8
-5.60006e+6
2.54038e+8
-5.64012e+7
3.73883e+7
-8.2859e+7
-1.44861e+8
1.32667e+8
-1.34688e+8
4.82968e+7
-4.46056e+7
-1.70109e+8
1.49144e+8
1.42202e+8
3.91704e+7
1.1855e+7
5.99537e+7
1.32988e+8
-4.33792e+7
-6.64923e+7
9.66594e+7
-5.84753e+7
-6.37421e+7
-4.55281e+7
1.41496e+8
-2.07013e+8
-8.83511e+7
5.1238e+7
4.62964e+6
1.35867e+8
-8.88518e+7
-8.13375e+7
-1.03616e+8
-2.01302e+8
7.64268e+7
2.59417e+7
-6.52558e+7
-1.30684e+7
-8.79785e+7
1.53794e+8
-1.13365e+7
7.95768e+7
-4.97447e+6
-9.29591e+7
2.66328e+7
-5.00864e+7
-7.97959e+7
-1.86361e+8
-1.04335e+8
1.25821e+8
1.41163e+7
2.46466e+8
-1.54464e+8
1.15373e+7
-1.47886e+8
-8.8604e+7
1.465e+8
-3.58947e+6
2.81439e+7
2.57654e+8
-8.88597e+7
1.6637e+8
2.81841e+7
1.49621e+8
1.07308e+8
-1.09522e+8
1.10071e+8
2.20957e+8
1.67171e+8
-2.8491e+8
1.05816e+8
1.2417e+8
-1.13918e+7
5.53625e+7
-1.62147e+8
-1.15389e+8
-1.79746e+8
-6.23989e+6
4.17912e+8
1.75494e+8
2.0191e+8
2.73672e+7
-5.40672e+7
-1.16407e+8
-1.37157e+8
-1.142e+8
1.0844e+8
-3.38907e+7
-3.54493e+7
8.86714e+7
5.62754e+7
-2.52452e+8
2.75536e+7
1.01002e+8
-1.43226e+8
1.90958e+8
2.83328e+7
3.02737e+7
1.52047e+8
-8.81537e+7
1.43904e+8
-1.84547e+8
6.22894e+7
8.32055e+7
-7.50314e+7
-1.15611e+7
-3.30226e+7
-1.35772e+8
3.54657e+7
-8.64683e+7
-1.58767e+8
1.85257e+7
2.66042e+7
-1.08464e+8
9.27219e+7
2.08554e+8
5.40671e+7
5.58889e+7
-1.06172e+8
-1.10607e+8
-1.0268e+7
-2.05108e+8
1.44414e+8
1.15021e+7
-1.06355e+8
1.02823e+8
-3.82274e+6
3.73465e+7
5.28817e+7
-1.67223e+7
-2.05032e+7
-1.28189e+8
-2.13289e+7
-1.02973e+8
-2.82447e+7
9.4338e+7
1.39845e+8
6.11965e+7
-9.71416e+7
3.0306e+7
5.07961e+7
-4.27739e+7
1.48659e+8
-2.54328e+8
-5.21284e+7
-1.10911e+7
-6.58101e+7
-5.1589e+7
-2.45506e+7
1.65389e+7
-3.89369e+7
-2.86332e+7
-6.01162e+7
-1.63249e+8
-9.86178e+7
5.41724e+7
1.54594e+8
-5.18082e+6
-9.8384e+7
-1.76822e+7
-9.61751e+7
-8.81635e+7
5.62557e+7
3.90877e+7
-1.61318e+8
-7.87259e+7
6.51084e+7
-5.62236e+7
-3.37155e+7
-8.2132e+7
-1.56778e+8
9.62075e+7
-4.07459e+7
1.62101e+7
-6.52885e+7
-1.06603e+8
-8.17343e+7
-1.67157e+7
-2.28273e+7
1.81748e+7
-9.92053e+7
1.20073e+8
-6.13275e+7
-4.72556e+7
-5.99388e+7
1.19004e+7
-1.97888e+8
9.04676e+7
9.4553e+7
6.68916e+7
8.33922e+6
-1.40619e+8
-2.6363e+8
2.90278e+8
-4.32307e+7
1.4009e+8
9.41313e+7
-2.6637e+7
4.2599e+7
1.40607e+8
-1.01463e+7
3.01064e+7
3.78405e+7
1.7369e+8
-7.76633e+6
-2.9177e+7
2.46647e+8
6.92056e+7
-1.75776e+8
1.43584e+7
1.51631e+8
-4.3331e+7
1.06821e+8
-9.1056e+6
-2.56362e+7
-6.91175e+6
-8.0778e+7
-3.74071e+7
-6.02694e+7
-1.17746e+8
-4.03747e+7
2.69584e+8
1.01181e+8
-3.47899e+7
-1.95971e+7
-7.89042e+6
9.13003e+7
-2.30851e+7
-2.51832e+7
1.35779e+8
-8.09397e+7
-1.84755e+8
-3.47497e+7
2.26213e+7
-3.3182e+7
1.6431e+8
1.82439e+8
9.89678e+7
-2.72488e+7
-1.3021e+8
-1.68724e+8
-1.45642e+7
3.79375e+7
1.03013e+8
2.15933e+7
4.21038e+7
-3.4511e+7
7.28401e+7
6.10368e+7
1.42632e+8
2.25359e+7
3.25464e+7
3.77143e+7
6.32611e+7
1.36385e+8
-4.39778e+6
9.21419e+7
4.74189e+7
7.88679e+7
-6.24642e+6
-1.60386e+7
-1.65328e+7
1.78464e+7
4.92433e+6
1.06919e+8
-3.60576e+7
1.33794e+7
6.17377e+7
2.69009e+7
5.09854e+7
1.91541e+8
4.77422e+7
1.2438e+8
-1.4925e+8
-5.09345e+6
2.43391e+7
8.6531e+7
-1.87236e+8
7.79967e+7
-2.98801e+7
2.64307e+7
-8.92954e+7
-8.6563e+7
-1.01327e+8
3.83589e+7
3.63171e+7
-1.73551e+7
-2.35973e+8
-2.48033e+7
805455
-4.7556e+7
-9.32198e+7
-2.26002e+8
-59233.3
3.41204e+7
1.48083e+8
-6.84639e+7
-1.47502e+6
5.60901e+7
1.9914e+7
9.95321e+7
-3.39385e+6
1.22739e+7
7.23572e+7
4.09498e+7
-6.02183e+7
-8.85355e+7
-1.2838e+8
1.41259e+7
-7.14e+7
2.27757e+7
1.43835e+8
-8.21024e+7
-4.9261e+7
1.98793e+7
2.29013e+7
2.98617e+7
5.69439e+6
-7.10441e+7
-4.28671e+7
5.85776e+7
1.07027e+8
1.85439e+8
-4.29627e+7
-2.22233e+7
-2.0175e+7
-7.37934e+7
-1.70013e+8
-874934
-5.57312e+7
-7.4127e+7
3.51698e+7
6.36393e+7
9.45922e+7
-8.20078e+7
-8.81664e+7
8.47384e+7
-1.42205e+7
-6.83771e+7
5.70079e+7
6.26918e+7
-6.22533e+7
6.94224e+7
-7.21168e+7
530779
-9.49988e+7
-2.4703e+8
-5.26358e+7
-2.50215e+7
1.08487e+8
5.59683e+7
3.14339e+7
4.1613e+7
-6.69359e+7
-1.9126e+7
814057
-8.92269e+7
-4.98903e+7
3.45326e+7
6.47665e+7
-1.02896e+8
-5.33764e+7
2.18288e+7
-6.47159e+7
-4.43944e+7
8.66767e+7
-4.7658e+7
2.20539e+7
2.68633e+7
1.09043e+8
-1.02411e+8
-1.02647e+8
1.06606e+8
4.26246e+7
-3.3023e+7
7.31248e+7
9.16787e+7
3.15188e+7
-5.75544e+7
1.68404e+6
1.58016e+8
-2.81124e+7
-1.14674e+8
-2.00653e+8
2.1437e+7
5.36432e+7
-525522
1.8294e+7
-8.33774e+7
-1.88481e+7
-1.27073e+8
2.89743e+7
8.41248e+7
-8.11264e+7
-5.36384e+7
1.56155e+8
3.51916e+7
7.29588e+6
9.43732e+7
8.9665e+7
-3.67235e+7
-1.29955e+8
3.54096e+7
-5.88531e+7
-1.0564e+8
1.29574e+7
1.01865e+8
2.4586e+7
1.52255e+7
4.44162e+7
-7.68419e+7
-8.75974e+7
-1.16924e+7
-3.85428e+7
6.9793e+7
1.41346e+7
-7.85815e+7
-4.26087e+7
2.57309e+7
-6.4127e+7
-7.67352e+7
5.91393e+7
-5.98512e+7
4.04603e+7
3.51306e+7
-1.80859e+8
-1.47625e+8
8.62868e+7
1.11604e+8
6.40991e+7
-6.02742e+7
-6.23798e+7
-1.12322e+8
3.16252e+6
-8.52247e+7
-4.03107e+6
-9.69199e+7
9.50833e+7
1.66863e+8
9.44212e+7
-5.27042e+7
-2.17869e+7
8.55727e+6
9.0954e+7
-1.33567e+8
-8.59171e+6
9.34062e+7
-1.9448e+6
6.75954e+7
5.30305e+7
7.64687e+7
-7.62218e+7
-2.43014e+8
1.02221e+8
3.63921e+7
3.39561e+7
7.65729e+7
-1.2172e+7
-3.83855e+7
-4.29522e+6
9.11565e+7
5.96734e+7
-5.07407e+7
3.88913e+7
-1.13237e+6
-1.52388e+7
-8.59732e+7
-845194
7.67193e+7
2.75058e+7
7.96667e+7
4.4137e+7
6.41491e+7
-1.03248e+7
-1.67199e+8
-6.28473e+6
-1.37989e+7
-6.38817e+7
8.90688e+7
1.14224e+8
-6.14908e+7
-2.94334e+7
5.71221e+7
2.62564e+7
-2.08603e+7
1.81961e+6
-3.52128e+7
1.23359e+8
1.46444e+7
-1.4933e+8
-3.78729e+7
4.15655e+7
5.42978e+6
1.0408e+8
7.88099e+7
4.66796e+7
-4.2949e+7
6.28289e+6
-4.52011e+7
-3.47302e+7
3.22225e+6
1.96267e+7
-3.46134e+7
6.2399e+7
-4.05528e+7
1.9885e+8
2.40402e+8
1.73828e+8
9.60339e+7
-6.14652e+7
4.2196e+7
-7.98406e+7
8.27101e+7
-1.08999e+8
1.14871e+8
4.5883e+7
-7.26512e+7
-5.02572e+7
-1.57697e+7
6.2902e+7
2.33461e+7
-1.20824e+8
1.47135e+7
-5.20717e+6
1.70082e+8
6.05677e+7
-1.18487e+8
-7.89482e+7
5.65799e+7
-2.05178e+7
-5.31129e+7
2.65461e+7
-1.94951e+7
-5.71388e+7
9.56418e+7
-1.20819e+7
8.88076e+6
7.56194e+7
6.06466e+7
-6.22223e+6
-9.19762e+7
-9.26208e+7
4.9759e+7
-4.28912e+7
3.6247e+6
5.20936e+7
4.8468e+7
-5.00859e+6
-1.59089e+6
-8.08435e+7
-4.46784e+7
1.12298e+7
-1.38804e+8
2.97089e+7
1.37754e+8
1.48271e+8
1.37714e+8
-2.31843e+7
7.64901e+7
-1.72062e+8
4.52704e+7
6.56799e+7
-1.18566e+8
-1.65364e+8
-1.97337e+7
4.70086e+6
2.52273e+7
-3.38322e+6
4.36113e+7
-5.04098e+7
-3.27047e+7
1.51094e+7
-3.78122e+7
-2.86994e+7
-7.24232e+7
2.09144e+7
8.57233e+7
6.6447e+7
1.08744e+8
-1.34451e+8
-4.61697e+7
-2.0531e+7
8.65417e+7
1.27108e+6
-1.74515e+8
-4.91226e+7
4.75094e+7
-8.13743e+7
9.09109e+7
-1.09764e+8
-2.54853e+8
-3.90386e+7
-9.02996e+6
2.27134e+8
6.338e+7
-1.04619e+8
-3.90002e+7
2.50134e+6
-4.73216e+7
-1.06647e+8
-5.63394e+7
1.41486e+8
9.49022e+6
-2.48641e+7
2.98865e+7
8.32683e+7
-1.55966e+7
3.05798e+7
3.2074e+7
-8.20975e+7
-4.03087e+7
9.22776e+6
7.12606e+7
7.88899e+7
1.15856e+8
6.62032e+7
1.702e+7
-2.90935e+8
-1.30039e+8
5.59082e+7
1.26017e+7
6.34838e+7
3.84793e+7
-1.34044e+8
-2.87531e+7
-5.18711e+7
4.43696e+6
4.07707e+7
-1.14999e+8
4.85137e+7
-5.20908e+7
-6.39165e+7
8.98853e+7
-1.89875e+7
2.26707e+7
-1.39826e+7
-9.45008e+7
1.60224e+7
1.94057e+7
-9.42622e+6
-5.23183e+7
-3.89658e+6
-9.81172e+6
-1.03794e+8
-1.29944e+8
-760328
7.32676e+7
5.36233e+7
-8.46212e+7
7.91801e+7
-8.09691e+7
5.27852e+7
3.25284e+7
-1.13474e+6
1.23826e+8
-4.07553e+6
1.0602e+7
-4.81947e+7
-5.16458e+7
-6.51131e+7
-1.67771e+8
1.21151e+8
6.77717e+7
4.88635e+7
1.37245e+8
-4.96525e+7
-1.08411e+8
-1.06036e+8
1.55473e+7
3.21581e+7
-2.20049e+7
1.05631e+7
-1.17756e+8
1.89081e+7
-6.10703e+7
7.45647e+7
8.76214e+7
1.54907e+6
6.81626e+7
-1.61423e+7
2.24912e+7
2.99522e+7
-4.95406e+7
2.52559e+7
7.3562e+6
-8.15099e+7
-1.89613e+7
-2.74833e+7
-1.09064e+7
-9.51789e+7
-3.13886e+7
-2.23878e+7
-8.21209e+7
1.44042e+8
-4.49585e+7
-4.27095e+7
-7.79761e+7
8.31899e+6
-6.79268e+7
-7.19378e+7
5.66361e+7
8.34448e+7
-2.09366e+7
1.82083e+8
-2.67716e+7
-2.57004e+7
-1.37455e+8
-3.15528e+7
7.10113e+7
3.86225e+7
4.71528e+7
9.26641e+7
-1.79561e+7
-2.03939e+7
1.86795e+6
1.38574e+8
3.43329e+7
-8.78046e+7
-1.85375e+8
3.22278e+7
8.63074e+7
1.22706e+7
4.68844e+7
3.8617e+7
-2.84857e+7
2.02518e+8
2.04014e+7
3.33471e+7
1.57598e+7
-1.13435e+8
1.0271e+8
3.06292e+7
-6.39917e+7
150820
-3.5984e+7
2.0155e+6
1.05461e+8
9.42847e+7
-2.06725e+8
4.76438e+7
6.3065e+7
1.05093e+8
7.68168e+7
-3.98229e+7
1.53317e+8
7.89489e+7
1.79734e+7
9.14285e+7
1.47837e+6
-4.1548e+7
-6.39459e+6
4.02668e+7
1.41299e+8
-1.00868e+8
3.42502e+7
-3.83512e+7
-6.28558e+7
1.25658e+7
1.79123e+7
1.43096e+8
-9.7881e+6
-3.79616e+6
1.56091e+7
2.12401e+6
1.60061e+8
-7.20512e+7
8.78577e+7
1.68712e+7
-3.47781e+7
2.55603e+7
-3.96807e+7
6.71335e+6
3.14884e+6
-1.21011e+8
6.77527e+6
-2.1007e+7
8.67895e+6
8.59682e+7
3.922e+7
1.09239e+8
5.07739e+7
2.77097e+7
-2.5142e+6
-6.27151e+7
1.40666e+8
4.08476e+7
1.03072e+7
-1.87916e+8
-4.50267e+7
1.02715e+8
1.17785e+8
1.39577e+8
-1.19225e+6
-8.36639e+7
1.37418e+8
-6.96375e+7
-2.23259e+7
-5.87852e+7
7.98055e+7
-9.67032e+7
2.829e+7
8.94748e+7
-7.14693e+7
-5.70052e+7
7.05342e+7
-5.7438e+7
2.37243e+7
2.81482e+7
4.90164e+7
-1.0005e+8
4.82058e+6
-3.63951e+7
1.56e+8
7.37916e+7
-2.8563e+7
-9.49058e+7
-4.95055e+7
-1.47103e+8
9.07501e+7
-1.1115e+8
5.40092e+7
-1.66072e+7
-1.32897e+7
-7.47883e+7
-1.289e+8
-1.51519e+8
-3.9993e+7
-4.81658e+7
-8.52213e+7
-6.87601e+7
-4.18091e+7
1.98459e+7
4.8412e+6
-7.89522e+7
-6.07361e+7
5.01735e+7
-1.17291e+8
1.88868e+7
-5.12831e+7
-1.1437e+8
9.10467e+7
6.04786e+6
-6.97308e+7
1.59427e+7
-1.5258e+8
-2.9647e+7
-3.47046e+7
6.71867e+7
4.6358e+7
1.38575e+7
-4.14105e+7
-3.8924e+7
-1.04257e+8
3.35568e+7
1.26577e+8
9.70328e+7
-7.31726e+7
-7.75897e+7
9.20751e+7
7.12671e+7
-1.22101e+8
-1.56799e+8
8.64575e+6
6.64142e+7
-4.0937e+6
3.37464e+7
6.12745e+7
3.19834e+6
-3.22077e+7
-1.11697e+8
-3.51412e+7
-3.50401e+7
-8.7266e+7
6.40305e+7
2.35563e+7
-1.37386e+8
-4.08591e+7
-8.15195e+6
-1.29504e+8
6.47571e+7
-1.94201e+7
-7.26962e+6
-8.87148e+7
-1.29475e+7
-1.56072e+7
6.96123e+7
4.14211e+6
-4.64921e+7
-7.94832e+7
9.25214e+7
1.00106e+7
3.05448e+7
-7.17243e+7
-8.44668e+7
-3.28489e+7
7.33358e+7
-8.68227e+7
-3.6404e+7
2.55952e+6
1.72761e+8
-9.44837e+7
-3.25353e+7
-2.79909e+7
6.11055e+7
2.76501e+7
1.05708e+8
-7.61023e+7
2.81145e+7
-5.25346e+7
7.52074e+7
7.57158e+7
1.75523e+8
7.03892e+7
1.3067e+8
8.15618e+7
-1.46574e+8
-1.23344e+7
9.79728e+7
1.66978e+7
1.12992e+8
7.65302e+7
8.28944e+6
1.42998e+8
-2.99054e+7
5.53556e+7
-8.44163e+7
-1.22137e+8
7.62277e+7
5.59287e+7
-5.70381e+7
1.94491e+7
-3.11991e+7
-1.08515e+7
9.01962e+7
2.53124e+7
3.07352e+7
4.53163e+7
1.48271e+7
7.07407e+7
-5.3448e+7
2.75541e+7
-3.50742e+7
-6.6717e+7
-4.92429e+7
1.70375e+7
3.40843e+7
1.64184e+7
4.1868e+6
-8.7036e+7
4.32886e+7
7.67098e+7
-5.06397e+7
6.13348e+7
3.67843e+7
-5.13888e+7
-7.39445e+7
-8.61481e+7
5.86607e+7
-6.88884e+7
4.75728e+7
1.44215e+8
8.79308e+7
3.00009e+7
8.01782e+7
1.12812e+8
-5.29104e+7
4.01474e+6
-7.34164e+7
3.00295e+7
-3.85213e+7
-3.60182e+7
3.52525e+7
-1.02526e+7
-7.81327e+7
-4.05543e+6
3.52676e+7
-3.98745e+6
4.0091e+7
-7.44617e+7
1.30818e+7
1.10839e+8
1.01077e+8
7.05643e+7
1.61234e+6
-8.56484e+6
2.13022e+7
2.18637e+8
-1.75176e+7
1.29126e+7
-1.18929e+8
2.43541e+6
-1.03854e+8
-6.8682e+7
1.52068e+6
-3.8277e+7
-1.1371e+8
-1.25466e+7
1.41938e+8
1.03902e+8
-4.83452e+7
-945633
-3.64212e+7
-7.32384e+7
-5.00034e+7
3.17521e+7
-1.19382e+7
8.31223e+7
-5.74276e+7
-4.58764e+7
-4.3524e+7
-1.37352e+8
-8.34246e+6
4.25991e+7
-1.13072e+6
-2.07806e+7
-7.56012e+7
-1.16071e+8
3.54091e+7
5.05493e+7
7.68379e+7
2.22563e+7
5.45158e+7
3.17596e+6
-7.1104e+7
-3.08583e+7
-5.32663e+7
8.94132e+6
-2.37703e+7
3.66899e+7
5.93799e+7
-1.19821e+8
-7.63791e+7
-6.6679e+7
8.3529e+7
4.37087e+7
-3.95905e+7
-2.68032e+7
1.02567e+8
9.41336e+6
-2.17653e+7
6.68929e+7
5.84251e+7
-5.40263e+7
5.90971e+6
4.55136e+7
-3.06677e+7
-2.77834e+7
6.30361e+7
9.50661e+7
-6.63457e+7
-2.83175e+7
4.67713e+7
5.0802e+7
-1.34893e+7
-4.85488e+6
-3.54893e+6
-4.19327e+7
-4.80663e+7
6.67956e+7
1.82101e+7
4.88168e+6
-2.37146e+7
8.52526e+7
-2.9457e+7
-9.62337e+7
-3.99172e+7
2.01391e+6
5.58309e+7
-127513
-1.29066e+8
2.59123e+7
-3.68531e+7
1.28319e+7
2.84531e+7
-8.95837e+7
-5.64819e+7
-5.8119e+7
7.55838e+6
-1.06098e+8
-1.72792e+7
5.70948e+7
1.16175e+7
1.94329e+7
1.52768e+7
-5.0851e+7
2.49872e+6
-1.52099e+8
5.6747e+7
-1.44136e+7
2.14483e+7
4.94903e+7
9.81855e+7
8.91285e+7
-502488
2.39579e+7
4.49298e+7
-4.08166e+6
-4.7428e+7
-4.42898e+7
-1.71641e+7
-7.92568e+7
3.52429e+7
1.0849e+8
4.39053e+7
5.3717e+7
-9.19074e+6
-3.90855e+7
7.51427e+7
2.27784e+7
-4.37886e+7
3.73846e+7
-3.88335e+7
133065
3.90204e+7
-4.23517e+7
-4.8296e+7
8.70042e+7
-1.80882e+7
-3.23452e+7
2.04762e+8
1.33001e+8
-1.51964e+8
-5.80704e+7
-8.11146e+7
-59389
-4.45969e+7
2.29617e+7
7.54692e+6
2.32577e+7
8.09476e+6
-2.38967e+7
-7.23875e+7
-1.45204e+8
-9.25943e+7
-4.27278e+7
8.78506e+7
5.40077e+7
-1.78057e+7
8.42155e+6
-2.59117e+7
-1.03877e+8
8.54477e+7
-4.7673e+7
2.23292e+7
1.0884e+7
-4.34618e+6
5.21906e+7
-4.6966e+7
-2.85531e+7
6.52261e+7
-5.17926e+7
3.93438e+7
-1.6468e+7
3.58502e+7
-4.3056e+7
7.75677e+7
1.83762e+8
-1.11093e+7
-6.4506e+7
-3.21168e+7
1.50128e+7
2.20774e+7
2.52352e+7
5.31399e+7
-1.90875e+7
2.82949e+7
2.86921e+7
5.88923e+6
9.84945e+7
-3.54488e+7
1.67437e+7
1.98386e+7
2.38583e+7
-4.24598e+7
3.94929e+7
-4.36502e+7
-1.46409e+7
5.32475e+7
-2.86371e+7
-1.11832e+8
2.10095e+7
-6.81869e+7
-1.1786e+7
5.93861e+7
2.3294e+7
-4.77958e+7
-5.30663e+7
1.83716e+7
-8.75648e+7
1.0162e+6
2.00039e+7
-9.40818e+6
1.13517e+8
-5.62614e+7
-1.09189e+8
3.28991e+7
1.05501e+7
5.44197e+7
-1.36877e+7
-1.11302e+7
-2.81295e+7
-1.64829e+7
7.65763e+7
-6.18621e+7
-4.81009e+7
1.0393e+7
7.39276e+7
6.89303e+6
-1.98362e+8
-3.3975e+7
7.01321e+7
8.29462e+7
-7.82788e+7
-1.43784e+8
-4.21096e+7
8.59258e+7
-3.52673e+7
1.49206e+8
5.0193e+7
6.70153e+7
1.11125e+8
5.75037e+7
3.93529e+7
1.63581e+7
8.97532e+7
-1.33412e+8
8.68093e+7
-1.86239e+8
-1.56899e+8
6.74058e+7
-4.3784e+7
-3.28626e+7
-6.22763e+7
9.37839e+7
1.36655e+6
-6.04516e+7
-6.30051e+7
2.07805e+7
9.85808e+7
3.674e+7
6.70188e+7
1.27022e+8
1.44267e+7
-4.29271e+7
-6.62217e+7
-1.11819e+8
2.58634e+7
-5.40085e+7
8.20007e+6
-7.13193e+7
-1.22454e+7
9.5127e+7
-5.65917e+7
-4.455e+7
-1.93772e+8
3.54799e+7
-1.60263e+7
4.90907e+7
9.95634e+7
6.96861e+7
6.37911e+7
-9.27908e+6
6.95236e+7
9.90381e+7
-8.71875e+7
-2.53768e+7
1.1222e+7
-1.32621e+8
-8.76454e+7
3.51075e+7
9.41919e+7
7.61459e+6
-6.53396e+7
7.8857e+7
6.12656e+7
4.50122e+7
-1.08431e+8
1.80506e+7
4.52529e+7
1.72675e+7
5.39498e+7
-4.074e+7
1.32563e+7
5.67944e+6
1.17756e+8
5.25407e+7
-1.72598e+8
7.08182e+7
7.6411e+7
-6.04088e+7
-5.39321e+7
-6.30785e+7
1.89363e+7
9.10504e+7
1.17036e+8
5.00663e+7
1.68076e+7
4.76915e+7
5.15758e+7
9.5952e+7
-7.38835e+7
-1.98625e+8
1.19116e+8
-9.28096e+7
9.42346e+6
8.63935e+7
1.07202e+8
2.37071e+7
-1.71659e+8
-3.4537e+7
1.61179e+7
-1.76851e+7
1.33564e+7
-7.32761e+7
-3.95501e+7
-4.63334e+7
1.23671e+8
1.34251e+8
-7.52906e+7
4.80462e+7
4.1815e+7
3.04068e+7
-1.00504e+8
-1.72149e+8
1.6977e+8
2.79303e+7
-3.39352e+7
1.73873e+7
5.51114e+7
3.26356e+7
-7.86138e+6
8.66474e+6
-5.44444e+7
-1.24753e+8
-5.13398e+7
1.52969e+7
-1.22377e+7
-7.13783e+7
1.2728e+8
1.95603e+8
2.06265e+7
-5.27569e+7
-4.83131e+7
2.44321e+6
-5.91835e+7
-3.16953e+7
9.10119e+7
-8.41863e+7
5.20564e+7
5.93433e+7
8.27808e+7
-9.42264e+7
-1.01797e+8
1.18003e+8
-3.31535e+7
-8.40559e+7
2.15198e+7
-4.63168e+7
-9.55826e+6
-1.3865e+8
1.0203e+8
1.00163e+8
-2.73751e+7
6.23275e+7
-1.75844e+7
-3.07302e+7
-1.10924e+8
-1.80426e+8
3.44214e+7
-5.77074e+6
4.25934e+7
1.53587e+7
4.59733e+7
-2.44042e+7
-1.5098e+8
3.5805e+7
-8.23418e+7
1.47096e+7
1.58117e+7
-3.26056e+7
1.63665e+8
-1.05356e+8
-5.3318e+7
-8.49843e+7
-1.68329e+8
1.00514e+8
-1.25524e+8
-3.79428e+7
-5.71702e+7
1.81856e+8
6.20426e+7
-9.49679e+7
7.41657e+7
9.05198e+6
-2.19473e+7
5.08151e+7
-3.12184e+7
7.07275e+7
-6.96021e+7
2.1616e+7
1.98589e+7
-4.25511e+7
1.93802e+7
3.79651e+6
1.10121e+8
-6.42924e+7
-6.27178e+7
9.65462e+7
1.8537e+7
5.22733e+7
-1.35397e+8
-7.52763e+7
-1.04698e+7
-6.12209e+7
7.67895e+7
-9.45973e+6
1.50515e+7
1.69663e+8
5.58434e+7
-5.56089e+6
-1.14854e+8
-5.9995e+7
-7.15965e+7
-3.09691e+7
-7.02944e+7
7.90761e+6
2.79497e+8
9.61676e+7
2.56203e+7
-3.25907e+7
-2.24719e+8
1.65904e+7
217413
-7.59174e+7
-9.39042e+7
-3.74317e+7
6.26513e+7
1.19774e+8
9.11151e+7
3.72034e+7
-4.25933e+7
4.13388e+7
-1.16511e+8
9.96513e+6
272450
4.26965e+7
8.16782e+7
-6.38475e+7
1.55048e+7
8.79757e+6
3.65446e+7
5.98171e+7
-1.64993e+8
1.42771e+8
4.82701e+7
4.66983e+7
5.64758e+7
-3.17022e+7
1.05015e+8
3.40496e+7
1.13321e+8
-5.41114e+7
1.53156e+7
1.05545e+8
4.65545e+6
-3.06822e+7
-1.16188e+8
-3.42238e+7
1.35664e+8
-1.34e+8
-4.41058e+7
-2.23061e+7
6.42573e+7
1.47642e+8
-7.75514e+7
1.28402e+8
1.35504e+7
3.75035e+7
2.08735e+8
-9.46298e+7
8.95017e+7
-1.99955e+8
3.20642e+7
-1.9742e+7
-5.25079e+7
1.10198e+6
-3.25174e+7
7.13414e+7
-1.64026e+8
-2.82323e+8
-2.14689e+7
-1.49825e+7
-4.83652e+7
1.49114e+8
4.61335e+7
1.8539e+8
8.09646e+7
-2.17599e+6
-5.96508e+6
5.77816e+7
3.43508e+7
-1.50236e+8
1.04984e+8
-1.10443e+8
6.08613e+7
1.72254e+7
-1.38164e+8
-2.15876e+7
-6.47942e+6
4.22531e+7
-9.78057e+7
-8.66637e+7
-4.56385e+7
3.78972e+7
8.2012e+7
3.35617e+6
1.13919e+7
5.8174e+7
8.89118e+7
1.52799e+8
-1.76981e+7
-6.03759e+7
-9.05919e+6
-5.11135e+7
1.367e+8
-2.60343e+8
-5.7386e+7
1.16511e+8
2.74938e+7
-2.28377e+7
-1.42621e+8
3.48309e+7
1.26245e+7
4.281e+7
4.06816e+6
-7.66995e+7
1.35127e+8
-1.31216e+8
2.40022e+7
2.48195e+7
-1.03494e+8
9.04798e+7
-3.83125e+7
-1.08794e+8
-1.31521e+8
-4.74552e+7
1.09827e+8
-1.47059e+7
7.08034e+7
-5.92746e+7
-1.33146e+8
5.33452e+7
-1.32333e+8
-4.515e+6
-1.12658e+7
8.01751e+7
3.64591e+7
-3.97709e+7
-3.2062e+7
-4.18254e+7
1.13923e+8
148487
-8.86696e+7
8.80277e+7
-1.02763e+8
-3.00516e+7
-1.56972e+7
-5.33706e+7
-5.02395e+7
1.64601e+7
1.58245e+7
3.72632e+7
-5.55526e+7
3.94844e+7
3.39934e+7
1.96669e+8
3.13366e+7
2.26758e+7
-6.32112e+6
-1.66191e+8
-9.04774e+7
6.03068e+7
2.18164e+8
3.95461e+7
1.97671e+7
8.73433e+7
-4.51512e+7
-9.50267e+7
-9.06316e+7
-6.78149e+7
-8.03477e+7
-5.9189e+7
-1.0692e+6
1.15661e+8
1.03296e+8
1.05955e+8
6.88e+7
1.02756e+8
-1.2293e+8
-1.04165e+8
6.94644e+7
-2.24391e+7
4.20786e+7
-3.55455e+7
-4.55387e+6
7.12845e+6
7.6652e+7
4.11668e+7
-6.41602e+7
6.70996e+6
-9.19625e+7
-5.81368e+7
-2.66166e+7
-9.05367e+7
2.42306e+7
1.49311e+8
7.20914e+7
5.37025e+7
3.60243e+7
-1.15765e+8
-1.89977e+8
4.0675e+7
-8.93257e+6
1.13452e+8
1.72834e+7
-1.95378e+6
1.13172e+8
-4.52413e+7
-1.40201e+7
8.26682e+7
3.97744e+7
9.78564e+7
-8.39599e+7
1.59349e+7
7.47422e+7
-5.30254e+7
6.93261e+7
-2.11083e+7
7.12993e+7
-4.61159e+7
-8.07368e+7
8.1777e+7
5.54573e+7
8.75551e+7
-7.23455e+7
-3.16136e+7
2.76889e+7
-8.57986e+7
8.05105e+7
4.5236e+7
1.04552e+8
9.39716e+7
8.34882e+7
8.67675e+7
-3.77688e+7
-1.58466e+8
-5.10674e+6
-7.83442e+7
8.30444e+7
-1.12311e+8
-5.6319e+7
1.11828e+8
1.22903e+8
2.35125e+7
-1.17454e+7
-1.08851e+8
-5.44533e+7
-1.25689e+7
-1.02818e+8
-1.40472e+8
5.54458e+7
5.11761e+7
7.69234e+7
2.07857e+7
-8.91222e+7
4.40405e+7
-6.10569e+6
2.26631e+7
2.22674e+7
-5.38583e+7
2.2085e+7
-1.33744e+7
4.84769e+7
-1.32974e+8
4.34834e+7
6.37102e+7
-5.41934e+7
-4.07699e+7
-1.8207e+8
4.07627e+7
2.14842e+7
-1.5142e+7
8.43108e+7
-1.00059e+8
-4.73434e+7
4.02938e+7
2.1661e+7
1.13807e+8
-1.70114e+7
1.65393e+8
1.59688e+7
-1.56305e+8
5.73412e+7
-5.532e+7
1.7542e+8
-1.14134e+8
-5.38463e+7
1.1982e+7
-1.5257e+8
-2.2354e+7
-8.52891e+7
3.82864e+7
-6.67432e+7
6.5665e+7
2.22192e+8
-3.24793e+7
1.08374e+8
-7.71634e+7
-2.37319e+7
-3.02097e+7
-1.21486e+8
6.74678e+7
-4.4681e+7
-1.91811e+8
3.2303e+7
-1.41673e+7
-3.17182e+7
-1.18619e+8
-9.85157e+7
7.9924e+7
-9.39621e+7
7.4654e+7
5.84187e+7
1.14949e+8
-1.20078e+8
-3.98699e+7
1.18914e+8
-8.8274e+7
7.94827e+7
3.54251e+7
1.31343e+8
-1.22055e+8
-3.13028e+8
-6.0163e+6
-6.90705e+7
2.32995e+7
-1.35922e+8
-1.08298e+8
-2.695e+7
6.17348e+7
3.1434e+7
1.6037e+8
-4.60523e+7
1.75919e+8
6.43586e+7
1.2661e+8
3.51117e+7
-5.21021e+7
2.65284e+7
-1.90657e+8
1.63539e+8
-2.74481e+7
-4.37096e+7
9.70704e+7
-1.22907e+8
4.12706e+7
-1.3513e+8
-9.77774e+7
3.23705e+7
3.99446e+6
-6.31471e+7
1.97549e+7
1.02904e+8
1.55723e+8
3.99768e+7
1.33061e+8
49285.8
-4.39675e+6
-4.21082e+7
-5.72124e+7
1.0622e+8
-6.90219e+7
9.96318e+7
-4.2192e+7
8.00419e+6
4.87324e+7
-7.6348e+7
-5.41699e+7
-1.74782e+8
-9.17118e+6
-3.28003e+7
7.14975e+7
6.89522e+7
-1.78739e+7
7.58135e+7
-5.84326e+6
7.12071e+7
1.74961e+8
-1.5968e+8
-1.56468e+7
7.19766e+7
3.73961e+6
4.2902e+6
-1.3579e+8
-1.2921e+7
-8.92519e+6
1.01355e+8
2.52399e+7
-9.7083e+7
2.02696e+8
-1.02444e+8
6.47386e+7
4.34631e+7
-1.77942e+8
9.10291e+7
1.81087e+7
5.87032e+7
8.05233e+7
7.07555e+6
1.62623e+8
1.18935e+8
5.14134e+7
-6.2375e+7
-1.97364e+8
2.16728e+7
-1.51936e+8
-5.89794e+7
-3.08341e+6
6.32148e+7
2.60461e+8
8.39813e+7
9.69972e+7
-5.89601e+7
-6.6995e+7
5.27825e+7
-1.06142e+8
1.61079e+8
-9.00687e+7
7.42754e+7
1.03331e+8
-4.92668e+7
-1.5804e+8
2.90419e+7
1.06244e+8
-1.00522e+8
-1.58e+8
1.63503e+7
-5.859e+7
-2.97257e+7
-1.461e+8
6.45807e+6
1.61321e+8
-3.12232e+7
1.29639e+8
3.5412e+7
-2.19313e+7
-1.1143e+8
-9.61427e+7
1.67563e+8
-1.18347e+8
5.17698e+7
7.69097e+7
-8.03807e+7
-1.13871e+8
-2.75761e+7
1.09805e+8
-1.01191e+8
-1.37616e+7
-1.21125e+8
-8.45729e+7
1.94974e+8
-5.4871e+7
1.2264e+8
7.07611e+7
-2.06832e+8
1.01854e+8
-1.16756e+8
-1.07522e+8
6.46766e+7
9.30941e+7
-1.71967e+7
-2.00569e+8
6.20048e+7
2.58848e+8
1.29768e+8
-4.78229e+7
-1.19505e+8
9.83405e+7
6.11809e+7
-1.07599e+8
-2.59209e+7
-1.89838e+8
2.4507e+7
7.41007e+7
1.33557e+8
-3.54477e+7
-1.91641e+8
7.43147e+7
1.34092e+7
-1.07429e+8
-8.87152e+7
-6.77198e+7
-7.19944e+7
3.63884e+7
5.80452e+7
2.07313e+7
8.60004e+7
1.76507e+8
-1.36033e+7
-2.06665e+8
-2.09184e+8
9.51483e+7
1.0765e+8
-7.56357e+7
-7.88755e+7
-1.23516e+6
5.79893e+7
-9.62912e+7
-2.73583e+7
2.47683e+8
-1.46536e+8
-5.97542e+7
-6.53238e+7
-4.24842e+7
7.15642e+6
8.12229e+7
1.3391e+8
-9.05705e+6
-9.37152e+7
8.12622e+7
3.35681e+7
5.89187e+7
-2.48099e+8
1.46803e+8
2.16841e+8
-8.12513e+6
1.21957e+8
-1.82262e+7
1.04551e+8
8.69452e+7
1.10499e+8
-5.08416e+7
-1.59417e+8
-2.85762e+7
4.5599e+6
-1.93723e+8
-1.30202e+8
-2.39323e+7
7.95907e+7
2.28325e+8
-6.28206e+7
8.6722e+7
1.48841e+8
5.69864e+7
1.14657e+7
-6.23231e+7
-4.73844e+7
-1.37173e+7
1.75566e+8
6.53108e+7
1.2205e+8
-6.51467e+7
6.63444e+7
-1.61311e+8
-2.47389e+8
2.17157e+7
-2.0153e+7
-6.81648e+7
1.49099e+7
2.29172e+7
-5.1379e+7
5.11049e+7
8.80006e+6
1.24008e+8
1.77107e+8
4.8882e+7
8.53733e+7
-6.93077e+7
-1.95996e+8
-1.12087e+8
7.26842e+7
-1.13595e+8
3.37362e+7
8.6684e+7
-7.52585e+7
1.02586e+8
-3.85193e+7
2.79173e+7
379517
4.19578e+7
1.2681e+8
-1.39642e+7
7.33285e+7
2.80884e+7
2.30582e+8
-6.57967e+7
-1.89619e+8
3.69577e+7
1.16848e+8
-1.07494e+8
-4.46048e+7
-9.55777e+7
1.18767e+8
-1.21856e+8
-1.11159e+8
1.84366e+7
-1.41321e+8
-1.32965e+7
3.02313e+7
2.38362e+8
2.6888e+7
-1.60677e+8
1.87053e+8
1.01297e+8
8.47167e+7
-1.34856e+8
1.14746e+8
-4.68042e+7
-2.00332e+8
-2.72827e+8
-5.40346e+7
4.66473e+7
6.85778e+7
-6.23741e+7
-2.59584e+8
-9.85726e+7
8.01885e+7
1.4841e+8
-1.38617e+7
-1.58634e+8
-1.81939e+8
1.41901e+8
-3.33144e+7
8.79068e+7
1.6954e+8
3.71075e+7
1.9168e+8
-5.49636e+7
-3.89423e+6
-2.48116e+8
-1.7309e+8
1.77039e+7
-2.26122e+7
-1.44633e+8
-1.64269e+8
5.28983e+6
-3.99058e+7
-6.6967e+7
-1.59509e+8
8.89749e+7
1.21737e+7
1.18975e+8
-7.29772e+7
1.05726e+8
-9.93136e+7
6.97394e+7
3.26394e+8
-3.07386e+7
8.41625e+7
-9.90875e+7
-2.18002e+8
-3.12228e+7
-1.31717e+8
1.36051e+8
1.30712e+8
-2.07398e+8
3.01865e+7
8.55501e+7
-1.77522e+8
-1.0641e+7
-1.19096e+7
9.60779e+6
2.1269e+7
1.9539e+8
7.85033e+7
-8.73541e+7
-1.15247e+8
-1.78893e+8
1.26869e+8
8.50503e+6
-2.26963e+8
2.39024e+8
1.90397e+8
-7.32204e+7
-1.29873e+8
-2.33251e+8
-1.36426e+8
-5.18925e+7
-1.05025e+8
3.06072e+8
2.32745e+7
1.15008e+8
2.23417e+8
-1.00303e+8
-2.22214e+8
-7.13083e+7
1.03825e+8
1.36426e+8
-1.23801e+8
-1.81615e+8
6.37828e+7
-1.32768e+7
-2.9231e+8
1.39353e+8
1.28408e+8
1.04978e+8
-2.05048e+8
1.58531e+7
5.71497e+7
5.24411e+7
8.25087e+7
1.24313e+8
3.44992e+7
-3.01085e+7
-6.57662e+7
9.5464e+7
-1.42562e+8
-3.44846e+7
1.02602e+8
2.45797e+8
-8.0056e+7
-9.65416e+7
2.39048e+8
1.05382e+8
5.5787e+7
5.65885e+7
-2.90287e+8
1.29565e+8
9.24913e+7
4.12381e+7
2.27242e+8
-6.55512e+6
2.885e+8
6.599e+7
-1.94247e+8
-2.00358e+8
-1.38734e+7
2.03376e+8
-1.71414e+8
-9.1673e+7
1.93072e+8
2.23457e+8
2.91299e+8
-1.40374e+7
1.72987e+8
-1.94465e+8
-1.76344e+8
-4.00562e+7
-7.89286e+7
-1.00454e+8
-1.557e+8
8.21431e+7
2.05886e+8
-2.29664e+8
-1.01446e+8
2.8546e+8
-8.02697e+7
-4.35008e+7
-6.46012e+7
1.41071e+8
1.50758e+8
2.70495e+7
-8.86709e+7
-1.03308e+8
9.91025e+7
2.91615e+8
1.6282e+8
-1.81384e+8
-8.03293e+7
1.31345e+8
7.90646e+7
1.06597e+8
-547875
-5.70825e+7
3.0709e+7
-2.47976e+8
1.32843e+8
2.72642e+8
-5.02827e+7
1.71036e+8
2.18047e+8
-1.53269e+8
-6.49201e+7
5.86587e+7
5.03237e+7
-1.15426e+8
1.92767e+7
-1.06799e+8
1.44703e+8
2.49571e+8
3.40041e+7
3.04646e+8
2.13379e+8
-2.95367e+8
1.20676e+8
7.26713e+7
2.98793e+8
-3.67008e+8
1.12971e+8
-1.17575e+8
-7.05744e+7
-8.28255e+7
-1.69819e+8
-1.94306e+8
-2.23971e+8
4.80431e+7
2.99858e+8
-2.29569e+8
-1.74075e+8
1.39056e+8
1.54778e+8
9.91908e+7
7.0192e+7
-1.10712e+8
1.08937e+7
-2.81415e+8
-1.10613e+8
-7.83257e+7
2.22605e+6
-2.94836e+7
7.68411e+6
-1.46364e+8
-4.72653e+6
-7.91302e+7
-3.00008e+8
1.34896e+8
-1.17078e+8
-1.84827e+8
1.35715e+8
1.83243e+8
3.10192e+7
6.92362e+7
3.76592e+7
-1.98987e+8
-2.29963e+7
6.86414e+7
4.14214e+7
1.02543e+8
2.19734e+7
-1.22119e+8
4.9357e+7
-2.40001e+8
7.61847e+7
-1.23226e+8
-1.06289e+8
-1.31893e+8
-2.81922e+8
3.13379e+8
3.35868e+7
-6.32137e+7
2.69685e+8
-2.84789e+8
2.1006e+7
-1.57576e+8
-3.06891e+8
4.07345e+7
-4.80073e+7
-2.11866e+8
-2.27565e+7
1.74538e+8
-2.86956e+8
-1.03924e+8
1.14157e+8
-2.16729e+8
-1.50318e+8
-2.9359e+7
-1.21676e+8
3.00492e+8
-2.21935e+8
3.26568e+7
2.19559e+8
4.24033e+7
1.75789e+8
-3.07904e+8
-1.45195e+8
-1.27621e+7
-3.04102e+8
-2.12725e+8
-7.9267e+7
-4.08208e+7
-9.44867e+7
1.43752e+8
-2.90998e+8
-7.53966e+7
-4.64908e+8
-1.47495e+8
1.00612e+8
5.00636e+8
-1.70844e+8
1.87109e+8
2.29883e+8
1.99704e+8
-6.66517e+6
-7.368e+7
-1.37401e+8
1.49898e+7
-1.55542e+8
3.13186e+7
3.64479e+8
1.64786e+8
3.28428e+7
-2.98795e+8
-5.53778e+8
3.87701e+7
-1.9704e+8
2.41293e+8
-2.15718e+8
9.14005e+7
1.31211e+8
4.05943e+8
3.8466e+8
1.21504e+8
-1.16997e+8
1.77439e+8
-1.15847e+8
-1.01016e+7
1.5037e+8
5.7185e+7
2.92847e+8
194746
-1.36178e+8
-2.46036e+8
-2.15645e+8
2.53686e+8
-1.33556e+8
2.35429e+8
1.70238e+8
1.43485e+8
5.01003e+7
-3.46329e+6
-4.84286e+7
5.8933e+6
1.00301e+8
3.11336e+8
1.87219e+8
2.88574e+8
1.45545e+8
-5.48284e+7
2.15761e+8
-1.1185e+8
5.70046e+7
-2.26026e+8
-3.17635e+8
8.60671e+7
4.3667e+8
2.68224e+8
-1.03485e+8
-1.36802e+8
1.11701e+8
1.02713e+8
-6.96168e+7
-9.73541e+7
-9.00301e+7
-1.63588e+8
3.83665e+8
9.64873e+7
-2.55228e+8
2.00164e+8
-2.80818e+7
4.61654e+7
-3.19789e+8
-7.64896e+7
2.95836e+8
3.47896e+8
3.62343e+8
3.43605e+8
1.43143e+8
-2.40702e+8
3.88334e+8
3.86734e+8
4.64805e+7
-6.08708e+8
-2.95476e+8
-1.25932e+8
6.57482e+6
2.47827e+7
4.6873e+8
6.4052e+8
-1.82947e+7
-1.30634e+8
3.81202e+8
-8.5356e+7
6.79708e+7
-4.8862e+8
1.25206e+8
9.31551e+7
1.23766e+7
5.03851e+6
3.81169e+8
-4.88512e+8
-3.81679e+8
2.9747e+8
7.31414e+7
-4.51195e+8
2.5774e+8
9.15867e+7
-2.95075e+8
-2.17567e+8
3.19967e+8
1.25925e+8
3.90202e+7
-1.23219e+8
2.14074e+8
-4.53025e+8
-3.55752e+8
4.89593e+7
-1.06542e+7
-4.31713e+8
4.86828e+7
4.00041e+7
-1.09783e+8
-4.4493e+8
-5.65079e+8
4.58091e+8
1.24111e+8
-1.98042e+8
6.23472e+7
1.49525e+8
-7.28229e+7
-2.63882e+8
1.10899e+8
-2.0385e+8
-5.40446e+8
-4.00893e+7
-1.4863e+8
5.25988e+8
1.15154e+8
-8.72815e+7
-9.52252e+7
-3.13651e+8
2.04946e+8
4.40292e+8
-1.24958e+8
-7.92467e+7
3.27651e+7
1.69947e+7
-3.49583e+8
-2.72655e+8
3.21e+8
3.19868e+8
-5.21949e+7
3.41445e+8
4.10337e+8
-5.8208e+8
-4.73243e+8
-7.18992e+7
-4.96678e+7
8.60984e+7
2.75017e+8
5.12693e+8
-7.88916e+7
-9.53553e+8
2.60797e+8
4.99063e+8
-5.38722e+8
-2.37512e+8
2.57485e+8
-4.07827e+8
-1.82493e+8
-3.61119e+8
-7.37048e+8
5.04456e+8
-4.73673e+8
3.9314e+8
5.28184e+8
-7.975e+7
-2.10384e+7
3.51727e+8
2.09246e+8
-1.69434e+8
-4.83762e+8
2.01759e+8
-1.21371e+6
-3.8061e+7
3.10051e+8
6.28321e+8
1.00129e+8
-3.22259e+8
2.93904e+8
-3.72018e+8
-4.81981e+8
9.96555e+7
-4.29421e+7
6.00713e+8
4.16416e+7
-5.9075e+8
-1.07098e+8
1.39377e+8
3.07166e+7
6.19739e+8
-8.88847e+7
-1.42618e+8
4.71047e+8
6.5794e+6
-2.84472e+8
4.79534e+8
4.86168e+8
-1.89818e+8
7.81442e+7
-4.18606e+8
-4.32221e+8
1.70791e+8
5.11722e+8
2.07221e+8
-2.05507e+8
-2.88527e+8
-3.04478e+8
9.4495e+8
1.09063e+9
-5.43544e+8
-3.00495e+8
-5.02497e+8
-1.70658e+7
1.34611e+8
2.58439e+8
1.16257e+8
6.07103e+7
4.80598e+7
-5.5678e+8
-6.87259e+8
-1.25318e+8
8.72835e+7
3.01041e+8
6.17007e+8
6.65496e+8
2.22109e+8
-1.92709e+8
-5.20399e+8
-2.71094e+8
-3.91962e+8
6.03772e+7
3.90766e+8
2.2468e+8
-5.37792e+8
3.93417e+8
4.19544e+8
-4.95822e+7
-3.58522e+8
-5.0919e+8
-1.82241e+8
1.62781e+8
-5.72625e+8
-3.89544e+8
-4.14439e+7
8.29791e+7
2.7842e+8
-4.11239e+8
9.16455e+8
7.40258e+8
-4.27897e+8
6.33233e+8
-6.28703e+8
-4.48993e+8
-1.11612e+8
-3.22663e+8
-1.18043e+9
3.77759e+8
2.50336e+8
-1.25512e+9
-4.23782e+8
-1.02551e+9
6.86571e+7
2.35278e+8
5.98287e+8
-2.82176e+8
-2.42624e+8
-1.16829e+9
2.64496e+8
1.48108e+8
1.75144e+9
1.26198e+9
1.02182e+9
5.67422e+8
-1.07228e+9
4.7469e+7
-6.8013e+8
-4.24699e+8
-4.52666e+7
4.61377e+8
1.48941e+8
-1.28899e+8
1.72236e+8
-9.07808e+8
-2.9116e+8
4.66129e+8
1.28238e+8
-1.79767e+8
-2.28409e+8
5.66958e+8
4.00579e+8
-4.18438e+7
-1.90366e+8
-9.32298e+8
-2.48798e+8
-6.36213e+8
1.42926e+8
1.18235e+9
6.62487e+8
3.33067e+8
-3.34127e+8
-4.14211e+8
-5.2602e+8
-7.7697e+8
2.90189e+8
1.80487e+8
1.16077e+8
-2.15143e+7
-2.71115e+8
9.76011e+7
-7.0348e+8
-7.47213e+8
1.17577e+9
-9.0672e+8
-9.79502e+8
-7.72132e+8
1.14929e+9
2.02248e+8
1.32058e+9
8.43522e+8
-2.74763e+8
-6.97805e+8
1.48007e+9
1.54194e+9
2.80609e+8
4.7154e+8
-1.07455e+9
5.96686e+8
-4.94471e+8
-2.24046e+9
-8.48523e+8
-1.02721e+9
1.57081e+9
-1.06197e+8
1.03735e+9
2.16527e+9
2.86299e+9
-2.18054e+8
-1.43504e+9
1.63476e+9
3.09291e+8
4.40092e+8
1.019e+9
9.3757e+8
-1.86789e+9
-4.48355e+8
9.1375e+8
1.84769e+9
2.0527e+8
-1.00014e+8
-1.76202e+9
1.84467e+8
5.35048e+8
1.37357e+8
-1.46519e+9
1.23306e+9
2.12807e+6
-1.08355e+9
6.75482e+8
-4.30466e+8
-4.04961e+9
-2.87573e+8
1.98404e+9
-6.24108e+8
-2.10749e+8
-7.01304e+8
7.93182e+8
7.65793e+8
-6.23132e+7
-1.30096e+9
-6.38979e+8
1.40678e+9
-2.02597e+8
-2.0511e+9
5.81494e+8
3.16624e+8
3.5115e+9
1.32081e+9
-1.31993e+9
1.19584e+9
-5.77766e+8
2.80836e+8
-5.46899e+8
1.22411e+9
6.18568e+8
-5.75483e+8
-1.31298e+9
-1.27217e+9
8.53675e+8
2.76478e+8
-1.65e+9
8.42302e+8
-1.04534e+9
1.53202e+9
1.68444e+9
-3.44929e+9
1.22251e+9
-8.67943e+8
-1.95476e+9
2.83322e+9
7.75341e+8
3.66535e+8
3.14662e+8
6.56689e+8
8.68206e+8
-4.08402e+8
-5.62765e+8
2.29436e+8
4.17544e+8
1.15725e+9
-6.28247e+8
1.41205e+9
-2.42292e+9
3.14266e+9
1.09858e+9
4.97468e+9
