0
0
0
0
0
0
0
0
0
0
0
0
0
0
0
0
0
0
0
0
0
0
0
0
0
0
0
0
0
0
0
0
0
0
0
0
0
0
0
0
0
0
0
0
0
0
0
0
0
0
0
0
0
0
0
0
0
0
0
0
0
0
0
0
0
0
0
0
0
0
0
0
0
0
0
0
0
0
0
0
0
0
0
0
0
0
0
0
0
0
0
0
0
0
0
0
0
0
0
0
0
0
0
0
0
0
0
0
0
0
0
0
0
0
0
0
0
0
0
0
0
0
0
0
0
0
0
0
0
0
0
0
0
0
0
0
0
0
0
0
0
0
0
0
0
0
0
0
0
0
0
0
0
0
0
0
0
0
0
0
0
0
0
0
0
0
0
0
0
0
0
0
0
0
0
0
0
0
0
0
0
0
0
0
0
0
0
0
0
0
0
0
0
0
0
0
0
0
0
0
0
0
0
0
0
0
0
0
0
0
0
0
0
0
0
0
0
0
0
0
0
0
0
0
0
0
0
0
0
0
0
0
0
0
0
0
0
0
0
0
0
0
0
0
0
0
0
0
0
0
0
0
0
0
0
0
0
0
0
0
0
0
0
0
0
0
0
0
0
0
0
0
0
0
0
0
0
0
0
0
0
0
0
0
0
0
0
0
0
0
0
0
0
0
0
0
0
0
0
0
0
0
0
0
0
0
0
0
0
0
0
0
0
0
0
0
0
0
0
0
0
0
0
0
0
0
0
0
0
0
0
0
0
0
0
0
0
0
0
0
0
0
0
0
0
0
0
0
0
0
0
0
0
0
0
0
0
0
0
0
0
0
0
0
0
0
0
0
0
0
0
0
0
0
0
0
0
0
0
0
0
0
0
0
0
0
0
0
0
0
0
0
0
0
0
0
0
0
0
0
0
0
0
0
0
0
0
0
0
0
0
0
0
0
0
0
0
0
0
0
0
0
0
0
0
0
0
0
0
0
0
0
0
0
0
0
0
0
0
0
0
0
0
0
0
0
0
0
0
0
0
0
0
0
0
0
0
0
0
0
0
0
0
0
0
0
0
0
0
0
0
0
0
0
0
0
0
0
0
0
0
0
0
0
0
0
0
0
0
0
0
0
0
0
0
0
0
0
0
0
0
0
0
0
0
0
0
0
0
0
0
0
0
0
0
0
0
0
0
0
0
0
0
0
0
0
0
0
0
0
0
0
0
0
0
0
0
0
0
0
0
0
0
0
0
0
0
0
0
0
0
0
0
0
0
0
0
0
0
0
0
0
0
0
0
0
0
0
0
0
0
0
0
0
0
0
0
0
0
0
0
0
0
0
0
0
0
0
0
0
0
0
0
0
0
0
0
0
0
0
0
0
0
0
0
0
0
0
0
0
0
0
0
0
0
0
0
0
0
0
0
0
0
0
0
0
0
0
0
0
0
0
0
0
0
0
0
0
0
0
0
0
0
0
0
0
0
0
0
0
0
0
0
0
0
0
0
0
0
0
0
0
0
0
0
0
0
0
0
0
0
0
0
0
0
0
0
0
0
0
0
0
0
0
0
0
0
0
0
0
0
0
0
0
0
0
0
0
0
0
0
0
0
0
0
0
0
0
0
0
0
0
0
0
0
0
0
0
0
0
0
0
0
0
0
0
0
0
0
0
0
0
0
0
0
0
0
0
0
0
0
-16843009
0
-16843009
-16843009
1
1
0
-16843009
-16843010
0
2
3
0
-16843011
-16843013
-16843010
10
27
44
61
73
87
109
-124
-95
-65
-40
-12
275
305
335
352
352
339
311
284
261
-23
-58
-112
64
-16843040
-16842889
-16842992
-16843341
-16843169
-16843244
-16843569
-16843631
-16843432
-16843480
-16843517
-16843799
-16843807
-16843798
-16843518
-16843483
-16843453
-16843440
-16843453
-16843495
-16843811
-16843875
-16843674
-16843706
-16843711
-16843683
-16843881
-16843801
-16843452
-16843621
-16843541
-16843210
-16843378
-16842993
-16843086
102
264
357
375
337
277
-13
-19
-15
-26
-78
104
44
19
38
70
73
30
-16843070
-16842928
-16843292
-16843138
-16843236
-16843600
-16843455
-16843805
-16843863
-16843875
-16843872
-16843889
-16843683
-16843773
-16844107
-16844133
-16844097
-16843747
-16843904
-16843847
-16843833
-16843848
-16843844
-16843777
-16843394
-16843229
-16843325
-16842955
-16842896
-16842881
-16843136
-16843122
-16843065
59
-10
251
817
1137
1162
1606
1439
1444
1661
1632
1629
1648
1413
1410
1638
1592
1278
1203
1340
1151
892
583
266
-16843023
-16842994
-16843169
-16843554
-16843642
-16843417
-16843632
-16843530
-16843144
-16843290
-16842991
-16843268
-16843315
-16843356
-16843349
-16843300
-16842985
-16842916
-16843098
9
-106
293
139
152
307
-115
-16843044
-16842930
-16843268
-16843323
-16843371
-16843168
-16843235
-16843557
-16843394
-16843805
-16844036
-16844337
-16844647
-16844896
-16844783
-16845084
-16845080
-16845076
-16845101
-16845151
-16844945
-16844994
-16845054
-16845407
-16845293
-16845690
-16845522
-16845510
-16845646
-16845215
-16845051
-16844941
-16845137
-16845073
-16844683
-16844449
-16844403
-16844097
-16843857
-16843453
-16843599
-16843204
-16842984
84
139
622
480
472
462
795
696
915
1329
1340
978
1045
875
793
491
446
602
160
-39
47
-16843076
-16842891
-16842990
-16843175
-16843477
-16844135
-16844593
-16845071
-16845276
-16845721
-16846394
-16846488
-16846736
-16846822
-16846736
-16846525
-16846258
-16846040
-16846196
-16846186
-16845978
-16846003
-16846201
-16845819
-16845895
-16845684
-16845440
-16845115
-16844422
-16844140
-16843553
6
198
784
766
945
1342
1176
1171
1343
959
1106
1127
1300
1614
1775
2427
2461
2851
2515
2276
1956
1875
1627
1216
1360
997
1079
844
629
226
177
193
182
329
124
-16843123
-16843303
-16843357
-16843312
-16842988
-16842980
-16843342
-16843549
-16843812
-16844116
-16844184
-16844519
-16845107
-16845345
-16845421
-16845338
-16845144
-16844725
-16844719
-16845129
-16845362
-16845252
-16845416
-16845079
-16844600
-16844158
-16843659
-16843656
-16844071
-16843981
-16844032
-16843916
-16843678
-16843434
-16843251
-16843150
-16843346
-16842982
-16843045
-17
561
853
1109
1335
1270
1458
1857
1907
1897
1821
1473
1412
1555
1341
716
155
-16842980
-16843843
-16844351
-16844437
-16844678
-16845126
-16844993
-16845054
-16844993
-16844798
-16844811
-16844602
-16844261
-16844590
-16844525
-16844774
-16845052
-16845626
-16845745
-16846448
-16846910
-16847026
-16847240
-16847271
-16847445
-16847395
-16847472
-16847708
-16847766
-16848021
-16848104
-16848250
-16847761
-16847516
-16847350
-16847238
-16847098
-16846838
-16846652
-16846082
-16845214
-16844884
-16844363
-16843876
-16843146
26
345
241
231
181
193
582
802
675
842
523
73
-16843003
-16843270
71
424
1355
1917
2328
2577
2474
2822
2544
2664
2427
2173
2051
2138
2192
2902
3360
3470
3940
3758
3768
3760
3803
4203
4422
4704
4970
4851
4826
4892
4611
4377
4000
4025
4405
4242
4267
4446
4012
3795
3497
3339
2845
2030
1809
1575
1594
1872
2001
2576
2835
2782
3015
3607
3911
3800
3921
3230
2709
2575
2226
2682
2719
3191
2965
3155
2966
3288
4162
4908
5498
5567
5563
5365
5470
5399
5465
5335
5311
5417
4849
4627
4142
3591
2692
1998
1378
377
-16843414
-16844487
-16845444
-16846266
-16847015
-16847955
-16848669
-16849451
-16850247
-16851006
-16851439
-16852284
-16852812
-16853168
-16854136
-16854709
-16855925
-16856834
-16857624
-16857995
-16858355
-16858551
-16858882
-16858574
-16858508
-16858362
-16858058
-16857884
-16856962
-16856333
-16855346
-16854010
-16852925
-16851888
-16850826
-16849940
-16848679
-16847230
-16845601
-16843879
673
2450
4059
5707
6713
7276
7511
7476
7428
7311
7623
8177
8846
9761
10211
11101
11606
11651
11499
10881
10079
8733
7158
6214
5225
4397
3311
2824
2153
1661
1261
1271
1456
1720
2135
2182
2864
3406
4186
4874
5095
5351
5257
5398
5484
5614
6744
7624
9082
9969
10880
11670
12431
13289
14306
15657
16562
17651
18621
19770
20203
21018
21212
21434
21855
21652
21490
21214
20608
19601
18304
16632
14800
13017
11234
9831
7884
5873
3574
944
-16844609
-16847148
-16849271
-16850664
-16851893
-16853340
-16854490
-16856390
-16858056
-16860283
-16862044
-16863369
-16864691
-16865739
-16866898
-16867220
-16867655
-16867294
-16867116
-16866618
-16866327
-16865998
-16866241
-16866891
-16866955
-16867344
-16867134
-16866575
-16865451
-16864596
-16863352
-16862055
-16860595
-16859751
-16858720
-16857522
-16856502
-16855670
-16854621
-16853202
-16852289
-16851026
-16849133
-16847352
-16845461
-16843689
-58
482
632
-16843058
-16843883
-16844831
-16845497
-16846382
-16846551
-16846565
-16846399
-16845902
-16845390
-16845134
-16845015
-16845570
-16845800
-16846677
-16847269
-16848562
-16850459
-16852329
-16854026
-16854947
-16855867
-16855934
-16855463
-16855405
-16854824
-16853939
-16853348
-16852282
-16851196
-16850735
-16850297
-16850292
-16850097
-16850314
-16850605
-16850627
-16850423
-16849984
-16848373
-16846861
-16844657
814
3362
6222
9115
12470
16233
19542
22240
25212
27759
30273
-32691
-30537
-28095
-26451
-24881
-23521
-23142
-23202
-24807
-26920
-29185
-31302
-32183
31374
30002
28631
27264
27397
27348
26332
24541
21844
19319
19229
20758
21863
19881
15182
9205
7161
11096
17125
19107
9599
-16856234
-16822104
-16916982
-16937553
-16883438
-16893072
-16974366
-16998443
-16958590
-17040967
-17041391
-16961360
-16941738
-16994862
-16992964
-16998182
-16996982
-16979779
-16880787
-16839150
-16868186
-16844724
8452
11447
14036
17412
15337
2981
-16864040
-16829347
-16922113
-16937493
-16939224
-16932697
-16927379
-16929892
-16940581
-16890548
-16903232
-16974502
-16974484
-16906168
-16907774
-16981690
-16995283
-16945443
-16955930
-16957972
-16950690
-17001488
-16981414
-16893901
-16939694
-16925790
-16920383
-16925813
-16938381
-16888120
-16900188
-16905023
-16904472
-16903190
-16903413
-16905785
-16905787
-16898285
-16882622
-16928385
-16910705
-16834756
-16833173
-16835743
-16837873
-16835247
-16826767
-16813992
-16861616
4665
-32327
65718
95749
51454
62753
131203
134345
143760
160417
114450
126196
122198
98803
60183
81456
-21164
22720
20597
-32830
-15380
-1187
70675
71014
71457
76602
85925
95954
35930
35059
97566
96976
36766
44812
50251
47795
38428
93913
89584
94821
41702
53231
58598
55270
44689
97645
84477
71084
-9943
-29556
15061
-16844426
-16853957
-16853648
-16845301
7079
15497
20960
25245
-32839
-21937
-10555
-1260
68183
70662
77639
92352
48384
131279
134051
51600
84882
-14743
26740
16615
17712
22109
26927
-28297
-5991
95811
136314
100272
107595
156299
61474
32678
78281
65613
-13094
-30087
17281
7708
10631
22955
-31756
29831
8255
-16865517
-16827774
-16837424
-16825185
-16863942
8355
29723
-29821
28901
14768
1080
-16850402
-16853990
-16854779
-16858167
-16866461
-16813108
-16825065
-16832691
-16831993
-16823622
-16873734
-16852071
17169
-18022
80886
47633
140999
163372
113612
123637
127059
120296
102034
139201
40968
76215
-11881
-26026
28821
17403
5492
-16846999
-16849758
915
16666
-31174
-15452
-1779
77506
95747
51056
134351
141358
65238
37958
-863
25990
-16846781
-16863948
-16867214
-16861717
-16851027
5356
20792
-26633
-3975
86216
44934
63835
137947
135788
58692
42798
93734
84006
79460
77052
72197
-5198
-24492
15233
-16853863
-16811434
-16828508
-16838506
-16908666
-16842871
-16838814
-16829884
-16816303
-16867015
-16854062
-16846874
-16846593
-16849133
-16850416
-16847947
1059
6412
6921
4150
2885
7211
18078
29974
32354
20859
-16846255
-16875453
-16834704
-16917152
-16929382
-16877359
-16894711
-16980856
-16998475
-16942876
-16946578
-16948084
-16948355
-16947229
-17002769
-16979360
-16880427
-16909035
-16814486
-16864506
-16858917
-16854646
57
22755
-13028
80569
34911
41274
34072
80700
-12782
19150
-16858513
-16825455
-16916162
-16934995
-16880711
-16887002
-16892118
-16895411
-16899646
-16904580
-16975542
-16981774
-16984549
-16983059
-16977126
-16905285
-16902596
-16905461
-16977191
-16979271
-16905053
-16885467
-16924912
-16835131
-16818771
-16875277
-16871386
-16870276
-16872719
-16817199
-16838067
-16934108
-16900351
-16989786
-16997394
-16987830
-16902203
-16877914
-16921822
-16840001
-16825194
-16873462
-16849345
25801
-2056
35211
64832
146606
151600
148616
145205
144757
144823
140153
58234
94082
-8179
22258
-16845340
-16857094
-16858997
-16857359
-16854751
-16852383
-16847354
5797
19607
-32363
-21660
-16499
-13257
-9654
-5637
-1813
-812
-4304
-11901
-19056
-24189
-26986
-28696
32210
23279
10277
-16848724
-16863406
-16874983
-16815795
-16817457
-16815669
-16812793
-16812645
-16816509
-16825436
-16838121
-16918346
-16931007
-16940907
-16881598
-16886556
-16891109
-16895670
-16896167
-16888345
-16934146
-16840189
-16812822
-16861527
-16862675
-16813319
-16834086
-16914872
-16918644
-16914301
-16909379
-16842263
-16908596
-16838027
-16822564
-16864412
1044
11791
5802
-16852221
-16867517
-16872930
-16866601
-16855277
-16847008
-16846914
-16854375
-16864209
-16810792
-16826789
-16917403
-16889232
-17000483
-17043467
-17072058
-17013462
-17065753
-17040872
-16950693
-17000254
-16993291
-16990586
-16987427
-16981485
-16975915
-16974680
-16978907
-16985869
-16988937
-16984126
-16906701
-16893790
-16883946
-16880001
-16879116
-16875762
-16933387
-16920495
-16841831
-16830817
-16823924
-16821118
-16819466
-16816132
-16810245
-16865558
-16852918
-16843934
72
-16853516
-16874029
-16830385
-16910779
-16911420
-16831960
-16812636
-16861408
-16855012
-16859303
-16868615
-16811018
-16812497
-16871607
-16858051
4761
30279
-8730
81178
97223
37601
34930
91830
82427
72979
-4163
-16400
-28165
31484
-29957
-18303
-3840
71715
73706
71631
71444
76095
84099
91082
93288
91280
91240
95183
36083
37293
92106
70322
-17613
-28170
-17861
76013
45696
140821
157999
99189
102989
108967
117487
123771
120565
105641
145599
47297
78293
-19127
19306
-16843341
-16855391
-16861374
-16864074
-16864606
-16864982
-16865321
-16864753
-16866429
-16869846
-16811586
-16820881
-16829754
-16835459
-16838445
-16838611
-16839687
-16840019
-16838953
-16836247
-16832707
-16833055
-16839628
-16917937
-16934247
-16881383
-16886796
-16884013
-16939686
-16924593
-16837847
-16874965
2311
-27731
67011
84410
89771
87203
83282
79801
76145
68580
-8734
-21240
-30515
30792
27388
19517
2758
-16860528
-16810262
-16810726
-16860527
6953
27015
-32612
22243
3605
-16855661
-16862130
-16860244
-16857237
-16862349
-16813409
-16834881
-16915958
-16917704
-16836486
-16811494
-16855808
-16847380
-16854820
-16871206
-16818371
-16820372
-16875284
-16857371
901
8687
8180
2527
-16844728
-16845990
-16844064
3632
6159
4924
219
-16848326
-16849381
3088
25011
-8043
91858
53839
136918
147076
156079
103309
115649
120762
111901
153133
57841
35218
93282
35393
49865
63621
139550
148144
161408
115281
200552
213595
213310
199115
113762
160662
151178
153982
99056
114820
130297
207180
214001
216660
216419
214928
210560
202434
123356
104025
148835
130988
53714
48945
45964
42499
37279
33097
34557
44825
61815
147363
98460
109428
114095
114924
114898
112361
103927
152878
60128
93456
-1042
-18762
-20187
-8019
75129
89233
95214
93036
87812
82818
78598
70179
-14150
22334
-16857055
-16829218
-16926228
-16885614
-16906294
-16990282
-16942411
-16956708
-16963873
-16964363
-16960019
-16953508
-16948542
-16942470
-17000144
-16989687
-16977960
-16901877
-16894722
-16888594
-16881258
-16937276
-16927360
-16922816
-16929131
-16880244
-16903094
-16990127
-17004191
-16943756
-16943618
-16942630
-16943467
-16945340
-16944203
-17001459
-16986727
-16901604
-16885262
-16876530
-16877499
-16886739
-16897602
-16900941
-16892668
-16937412
-16908645
-16814659
-16857444
-16843083
6617
10479
12131
9434
1259
-16856369
-16873158
-16820469
-16824491
-16816924
-16865583
-16843716
23835
-16854
71203
86813
87885
71172
-26707
336
-16875161
-16828908
-16835304
-16835841
-16839597
-16917102
-16933330
-16881381
-16884740
-16940576
-16920880
-16831859
-16875609
-16859220
-16848794
-16845637
-16849713
-16859592
-16873663
-16821089
-16826238
-16820892
-16872590
-16855822
-12
4282
1057
-16848574
-16853781
-16853136
-16847704
4373
13833
22982
-32742
-25015
-20317
-21931
31115
10402
-16858843
-16820574
-16841415
-16920225
-16926291
-16926858
-16926268
-16924377
-16921600
-16916719
-16908750
-16833196
-16822539
-16811038
-16864969
-16854395
-16845198
491
-16847531
-16863144
-16821909
-16915561
-16876885
-16900397
-16984994
-17000961
-16946554
-16949592
-16941904
-16989289
-16899746
-16878177
-16928448
-16921103
-16915440
-16840276
-16825108
-16874267
-16864458
-16868968
-16819989
-16841103
-16923743
-16929088
-16924488
-16916886
-16913760
-16917767
-16926249
-16932814
-16934757
-16930767
-16925682
-16923438
-16921806
-16918658
-16908797
-16825650
-16871149
-16857173
-16855406
-16867007
-16820481
-16837412
-16911696
-16910816
-16840674
-16839025
-16909409
-16919966
-16932185
-16941105
-16878651
-16875936
-16936146
-16928734
-16920025
-16910576
-16835369
-16827027
-16822780
-16821665
-16821886
-16818521
-16873722
-16857850
3681
18342
23902
18216
2687
-16859021
-16874078
-16814609
-16873979
-16857071
9276
-30137
-5447
81358
33451
48217
59120
132616
134605
64301
52162
36104
85896
78386
82764
33836
58016
147008
160846
161857
153627
144627
144110
155618
108108
120241
117040
159061
56308
85335
-5009
-12555
-7071
66356
69180
-1595
-9848
-16822
-22189
-29198
21948
-16843691
-16871195
-16828219
-16836984
-16829177
-16810359
-16852494
11379
27180
-24583
-9654
71973
87599
97717
36343
35948
32841
95330
89978
77741
-9382
24698
-16853373
-16818827
-16842103
-16922208
-16932803
-16878633
-16889305
-16896826
-16894775
-16882125
-16929627
-16911341
-16834838
-16831044
-16830732
-16830688
-16831241
-16834465
-16910159
-16926789
-16878322
-16888720
-16888895
-16878646
-16930240
-16920190
-16915651
-16916919
-16920659
-16923843
-16928021
-16933525
-16940583
-16880980
-16883210
-16880048
-16940937
-16939055
-16875994
-16883787
-16891962
-16895800
-16892451
-16879866
-16924848
-16830377
-16858953
24868
-3167
87241
90999
74465
-18300
21974
10281
12025
21846
31792
-27165
-17646
66727
96217
63315
149445
146861
56304
86794
-7464
-16415
-6034
80133
36183
53305
134118
152775
109717
198170
212997
216287
210452
199473
124048
116654
109543
101801
160170
157432
161848
104242
108539
102196
147442
56556
37743
35375
51596
142457
161472
163314
147006
56842
37841
35581
49137
132389
140747
132808
45574
88055
75586
76626
85143
87554
74509
-17817
17902
2030
6896
27529
-14142
-2038
-6893
-22337
27737
18376
13215
1603
-16867620
-16841306
-16883259
-16978124
-16988026
-16981516
-16905123
-16904824
-16984685
-16941968
-16962469
-16970067
-16963966
-16953193
-16948762
-16958748
-17046117
-17069447
-17018764
-17019146
-17007428
-17057110
-17042858
-16965909
-16952055
-16996805
-16903228
-16938467
-16915405
-16840861
-16911147
-16924280
-16937621
-16879519
-16881932
-16880715
-16880313
-16885252
-16893593
-16905165
-16981893
-16989009
-16990659
-16986577
-16977408
-16901442
-16889181
-16941080
-16925617
-16840987
-16820420
-16868819
-16858577
-16859206
-16867516
-16815381
-16829531
-16842649
-16923217
-16940591
-16893987
-16975694
-16981566
-16906394
-16882201
-16912992
-16811508
-16850021
7003
6629
-16846872
-16860803
-16873778
-16816098
-16819247
-16819686
-16819719
-16818329
-16813565
-16866523
-16845061
26862
-7906
82185
96147
34943
33108
96854
33212
38476
43537
44651
38773
93218
78561
-2220
-17535
-31851
21254
11036
5289
6150
12565
23642
-27556
-11650
69023
82205
89095
86890
75936
-6104
-24417
27732
19082
13567
7664
-16844928
-16858296
-16872072
-16817038
-16821789
-16818062
-16872559
-16853336
15253
-22123
67564
80293
77941
-3982
-27858
14084
-16847914
-16863209
-16814251
-16835919
-16928415
-16891877
-16982711
-17000739
-16943719
-16944023
-17003864
-16991881
-16974587
-16886627
-16926476
-16835931
-16815810
-16870764
-16869207
-16874393
-16817007
-16821644
-16821188
-16816780
-16811645
-16874768
-16811046
-16813557
-16813289
-16873009
-16862428
-16853574
-16850781
-16856596
-16867363
-16811629
-16815993
-16813640
-16874733
-16873160
-16810617
-16816922
-16821489
-16822562
-16819403
-16815226
-16813344
-16815818
-16823861
-16836312
-16918719
-16938014
-16889954
-16899465
-16896785
-16880310
-16921308
-16832685
-16818145
-16812830
-16875361
-16863858
4575
-23901
81594
47395
64517
136405
138464
143381
151677
157365
154602
138200
43243
74040
-22981
22229
17146
24162
-29664
-19504
-14124
-11207
-5610
71727
90262
45080
59890
133564
136055
139819
150933
104514
126822
208237
210844
201042
116742
163499
150158
141383
133020
54964
37917
85770
73402
71462
77821
88756
34143
42897
52568
132617
153921
113025
201624
215022
215249
204006
119735
100154
147111
62922
42615
83034
-11075
29637
12014
3417
526
-16847749
-16860439
-16812770
-16830352
-16838088
-16832542
-16815279
-16859634
2346
19390
-27875
-8097
75566
83057
72357
-18559
16934
-16847294
-16850937
1638
14309
21938
21980
22421
-32576
-10763
81701
35785
39373
92467
69698
-22056
17562
-16852130
-16817353
-16915513
-16877124
-16891439
-16888730
-16938093
-16915428
-16830968
-16820731
-16819561
-16822321
-16821639
-16812693
-16858150
14374
-18326
76751
33096
45066
49223
49475
47299
43262
36066
88699
70999
-13848
-31339
21715
14881
10533
6311
542
-16852590
-16865333
-16813405
-16825798
-16835501
-16908692
-16915491
-16921037
-16925964
-16926079
-16918575
-16837216
-16814263
-16856299
7152
25946
-22907
-2862
85252
38250
47867
45218
34452
92363
96731
49917
141424
159700
161868
147563
60444
45843
44743
53165
61065
58013
42550
88729
78625
85039
42086
136635
161737
110733
115018
113046
109454
105524
98496
151857
134554
50316
34761
93036
94764
40270
57872
143773
99957
118051
130252
200604
130099
116163
161186
137060
48491
94817
80549
71189
-3824
-16359
-32015
17994
7473
7651
18031
32372
-23485
-27408
19894
-16851396
-16818273
-16912596
-16937724
-16895769
-16984745
-16943896
-16964212
-17042269
-17046336
-17042878
-16973061
-16969185
-16965231
-16958780
-16946474
-16995149
-16977498
-16894556
-16878538
-16927096
-16840177
-16819286
-16868431
-16862862
-16870924
-16820069
-16832855
-16836600
-16830965
-16822952
-16821869
-16833548
-16924250
-16890654
-16988846
-16952775
-17042740
-17063392
-17014035
-17022579
-17023055
-17015137
-17070413
-17065738
-17070611
-17019568
-17036729
-17111738
-17107221
-17021564
-17057772
-16963037
-17005279
-16988358
-16907996
-16890057
-16934257
-16913083
-16833541
-16829963
-16834226
-16839915
-16839335
-16828913
-16812851
-16863567
-16855321
-16856587
-16863219
-16869281
-16871306
-16866361
-16855378
950
15973
27998
-29812
-25530
-26618
-30484
29707
20394
8014
-16851837
-16869320
-16815033
-16813267
-16861307
11641
-22551
-873
70066
-5381
-21396
-32681
-32279
-19433
-1650
79943
89524
95689
39252
56764
149177
113455
201862
211336
205957
125562
107389
155341
138801
53790
95835
70255
-18541
30056
17435
4505
-16854898
-16873333
-16821318
-16820906
-16869346
822
25351
-32157
19856
-16851254
-16816251
-16835518
-16839363
-16832825
-16823602
-16819189
-16820929
-16822441
-16820066
-16811869
-16867401
-16862231
-16862503
-16865865
-16865731
-16857022
1945
21777
-27368
-18472
-17470
-23384
30752
12431
-16853622
-16813830
-16836792
-16917666
-16924949
-16927279
-16930443
-16939076
-16886819
-16900629
-16975987
-16982359
-16988604
-17000755
-16954767
-17043896
-17063327
-17070150
-17058793
-16965409
-16990367
-16878830
-16832876
-16855623
24771
-10146
77581
91473
96857
96588
92097
85626
76906
-1520
-20264
20225
-16852127
-16815517
-16838568
-16916214
-16916802
-16908810
-16830511
-16815599
-16866373
-16848679
13947
30376
-26064
-32518
10051
-16867283
-16839601
-16937687
-16894463
-16907443
-16980591
-16983668
-16980248
-16900219
-16935494
-16824241
6081
-8226
96566
51449
54801
45055
94726
76257
-6818
-24526
22884
4986
-16854272
-16868097
-16812688
-16820973
-16829609
-16840351
-16918030
-16928290
-16933491
-16930268
-16920099
-16840790
-16826881
-16814727
-16869940
-16856314
4811
27944
-14928
67722
73157
65954
-15912
28631
10120
-16844486
-16849317
-16847471
339
4677
6546
6364
8123
16286
-31489
-3977
91580
51209
62896
58982
42884
88224
69971
-11782
-30437
6149
-16812478
-16927478
-16975299
-16945264
-16963742
-16968878
-16966652
-16963476
-16959927
-16952998
-17005645
-16985976
-16898398
-16878780
-16929851
-16919094
-16908784
-16831607
-16818420
-16872486
-16862944
-16856536
-16851582
-16845955
89
-16843526
-16851776
-16868295
-16825387
-16916821
-16875976
-16897459
-16978874
-16985472
-16981612
-16901012
-16878151
-16919941
-16836491
-16829173
-16833813
-16909444
-16920051
-16926129
-16925530
-16920420
-16914561
-16911758
-16914656
-16923833
-16939550
-16896091
-16989219
-16953504
-17046023
-17061290
-17059008
-16971618
-16999701
-16892060
-16922353
-16835497
-16828157
-16827247
-16825111
-16818666
-16810951
-16874799
-16816913
-16830208
-16841740
-16841708
-16829638
-16813039
-16868516
-16873326
-16823192
-16840269
-16911546
-16834487
-16812188
-16855915
-16843812
-16846452
-16857566
-16867264
-16869459
-16860863
-16846730
8487
14752
13015
4545
-16850152
-16863656
-16811365
-16821459
-16827668
-16827242
-16818808
-16866772
3952
-23585
89751
143911
130436
174233
269402
281729
281263
272661
194042
180295
164155
211973
128664
113306
100964
153569
135559
42476
71672
-32121
3612
-16853114
-16848070
14022
-23259
71804
34585
60947
147915
162533
101873
161122
147398
135386
64717
134771
145494
152343
147655
63993
33172
-1998
30752
4654
-16853751
-16859180
-16853826
2271
16864
24860
16967
-16850350
-16819891
-16921250
-16883347
-16901509
-16982154
-17001051
-16958389
-17046053
-17054632
-17043431
-16948174
-16907445
-16932484
-16832426
-16869322
-16846121
15283
25818
23512
8335
-16858039
-16818352
-16841703
-16928433
-16884205
-16906231
-16990416
-16998367
-16991238
-16905209
-16881966
-16931907
-16929465
-16939409
-16888415
-16899559
-16907142
-16978478
-16986172
-16997729
-16943017
-16949411
-16947821
-17003103
-16987025
-16901566
-16880131
-16922756
-16835585
-16818167
-16874553
-16873576
-16812511
-16817853
-16817833
-16810631
-16863030
-16846238
11774
26635
-24331
-6377
81480
39198
58782
135639
134558
59231
45224
33942
97498
39520
51960
64498
134059
60131
40305
78069
-13841
-32201
25083
26754
-31534
-21433
-8704
73804
96848
58231
148403
101830
112351
118516
127672
208798
165792
188827
269688
272780
264062
181634
164460
214883
203540
128517
116528
99837
143396
51107
90974
70676
-5415
-4053
72017
88295
41511
59614
142425
154969
160365
155296
138819
49115
90451
71558
-1441
-1192
67062
68786
-502
-8285
-16602
-25969
-32712
26204
19904
16839
14993
14260
11814
2307
-16856753
-16814425
-16841211
-16932769
-16890545
-16974897
-16986438
-16993313
-16996688
-16999303
-16941850
-16954612
-16972180
-17056903
-17007262
-17020561
-17033496
-17113027
-17131627
-17085459
-17101003
-17176169
-17176569
-17171574
-17098151
-17089280
-17078681
-17129649
-17110573
-17023849
-17007091
-17068595
-17014449
-17039261
-17134253
-17090578
-17095843
-17084565
-17128097
-17107390
-17030769
-17029882
-17035289
-17034994
-17023746
-17068321
-17044449
-16964665
-16965121
-17040391
-17049116
-17042177
-16946017
-16898427
-16911567
-16870885
-16851166
-16846804
-16847181
2630
20638
-23334
-7905
-3538
-7211
-4704
78652
44804
148540
111778
124628
124845
119858
120077
129193
208554
222442
167334
173936
179169
183520
185895
185531
182190
178367
173607
164577
217713
200631
122149
122886
207186
177211
283787
252582
341790
356396
304038
319723
396018
325611
295413
241599
180514
130013
104893
105616
118854
130425
198529
129731
198970
216455
180748
276923
292791
286423
262875
169220
216116
211177
212271
206339
116774
139215
90718
-17075
22205
13466
10851
5910
-16848817
-16866204
-16815000
-16822628
-16821190
-16814880
-16874078
-16868544
-16865097
-16863489
-16863829
-16870000
-16817840
-16834814
-16915922
-16923618
-16919897
-16909158
-16832593
-16826520
-16828450
-16832366
-16834076
-16832036
-16828869
-16832849
-16912502
-16937181
-16903065
-16999067
-16959337
-17043016
-17053710
-17059382
-17061533
-17063899
-17069279
-17011858
-17020734
-17024462
-17018444
-17066652
-17041858
-16950136
-16993059
-16975696
-16898332
-16891862
-16892878
-16903077
-16985856
-17004110
-16948917
-16947536
-17002226
-16991075
-16986377
-16989488
-16992009
-16984194
-16897982
-16934547
-16910821
-16838428
-16914033
-16934133
-16885967
-16889850
-16880072
-16925881
-16838260
-16819256
-16868645
-16855651
-16844325
9508
17872
25338
31834
-29662
-26240
-21875
-14693
-368
86455
46604
136613
153893
162349
99957
101852
108158
116556
123092
126383
126318
127400
201685
217544
170168
182726
184329
176408
166253
227086
164526
171568
174142
166837
217263
202115
129825
200014
212826
223912
227144
220201
207234
198458
197731
204413
213178
215829
208141
125699
104308
150449
134130
53442
35767
76795
-17147
21076
-16842992
-16853664
-16855098
-16850663
-16843037
9290
20273
-32303
-20430
-13302
-12432
-17744
-22912
-24632
-23753
-24972
28935
2154
-16814512
-16926621
-16906181
-16943935
-16973336
-17059290
-17070759
-17071237
-17058927
-16970977
-16945941
-16992018
-16984208
-16986652
-16993132
-16996104
-16991328
-16982780
-16976784
-16978040
-16986968
-16997057
-17002160
-16999757
-16989940
-16980806
-16976821
-16978230
-16981005
-16977737
-16898770
-16879513
-16925883
-16917375
-16923211
-16940044
-16895762
-16976436
-16981123
-16979824
-16978267
-16984916
-17001573
-16956101
-16972063
-17041183
-16967151
-16955128
-16948308
-16952380
-16965820
-17046721
-17057411
-17060977
-17059063
-17058239
-17059470
-17060222
-17054231
-16970543
-17006526
-16904847
-16933859
-16837451
-16812084
-16858256
-16846082
3350
1970
-16846444
-16849300
-16844704
13847
-27731
-4647
76159
80216
75634
70101
68409
69018
70619
69663
67052
70094
82202
37530
62453
147367
158114
162421
101739
115732
205053
168181
191478
266852
195271
179111
226838
213886
208028
207583
208251
206686
203045
198071
128837
125816
122236
116948
110198
102457
162357
160777
99178
107163
115556
119175
113423
160345
131484
96930
-1627
-25754
24559
18246
15931
11794
5087
-16846591
-16856509
-16863816
-16869328
-16873588
-16810202
-16812748
-16812452
-16875549
-16872894
-16872146
-16812670
-16826344
-16911737
-16935253
-16893731
-16981147
-17002590
-16956372
-16971976
-17047578
-17048517
-17043221
-16970153
-16967110
-17039715
-17055762
-17011438
-17033643
-17118152
-17135191
-17086358
-17104413
-17187370
-17199173
-17200911
-17191858
-17175293
-17091621
-17075403
-17126835
-17111359
-17023201
-17057450
-16955992
-16986417
-16894803
-16884007
-16886545
-16899154
-16979845
-16990212
-16992663
-16987519
-16977737
-16904034
-16898753
-16897519
-16897454
-16893446
-16884730
-16937864
-16924279
-16914446
-16842195
-16838964
-16837637
-16834290
-16830603
-16827396
-16824917
-16827560
-16837092
-16920054
-16878283
-16900785
-16980024
-16975986
-16886669
-16917369
-16816143
-16857033
-16849710
-16852600
-16856591
-16852041
8096
32635
-9501
73318
81463
84707
88486
95299
39556
49805
57844
63783
132478
136239
143127
153253
102679
118736
198507
209273
215276
219200
224441
166935
177507
187966
193464
194333
188551
177418
226269
203460
110855
149273
63613
58166
133894
154026
109114
119556
117993
110091
104382
110168
126372
213793
167111
177238
178092
175353
172437
172745
175138
173830
166816
217736
130559
106152
146150
58157
38861
87741
73055
-9852
-31586
7587
-16864687
-16828733
-16917711
-16934506
-16877242
-16879425
-16877358
-16936384
-16927896
-16918521
-16908698
-16835533
-16829221
-16820395
-16875397
-16863789
-16857165
-16864925
-16825603
-16933400
-16981989
-16957888
-17048796
-17054972
-17045241
-16960812
-17001544
-16907148
-16876706
-16914548
-16831121
-16830832
-16916077
-16886119
-16992735
-16963653
-17051400
-17057898
-17052797
-17042885
-16971141
-16972737
-17047240
-17059199
-17066338
-17063753
-17051244
-16968235
-16952460
-16943585
-17004127
-16995585
-16977062
-16881089
-16912590
-16820733
-16810491
-16816466
-16826243
-16827039
-16874667
2285
-25928
66659
74260
-1808
-16670
-25535
-24248
-14292
-7429
-9424
-21339
26375
11101
2802
-16843079
-16843193
-16844457
-16846538
-16844201
8054
25282
-17036
71145
90909
40936
55450
138472
162476
129075
168062
274789
248656
346259
302101
314261
319934
322523
325304
326078
322222
310828
354750
260648
294181
263364
172516
218437
201048
116829
157419
60097
89685
-10871
29119
17823
23279
-20650
77225
51661
159629
197196
224697
171574
164334
209289
114518
148972
58188
35225
80276
-4009
-20783
-26702
-18436
67785
93487
43238
39088
79043
-26003
297
-16870697
-16817296
-16818446
-16816409
-16816988
-16819807
-16820279
-16814692
-16866749
-16852624
-16844624
-16844842
-16853915
-16866196
-16812375
-16822917
-16835104
-16916170
-16933802
-16883035
-16890159
-16889072
-16885719
-16887063
-16896026
-16977696
-16994189
-17004923
-17005672
-16994744
-16974430
-16878520
-16839518
-16859915
29161
69467
96320
41790
37448
86827
-2665
-30618
4727
-16867674
-16826413
-16841328
-16910938
-16840713
-16833269
-16832592
-16908542
-16931373
-16894269
-16983077
-16992412
-16986818
-16905244
-16888497
-16879954
-16878028
-16878001
-16937038
-16920227
-16834668
-16820906
-16820621
-16831177
-16840691
-16834469
-16873144
9702
-18382
-242
-5368
-24469
25240
26641
-20560
69604
83712
76071
-16541
13705
-16856598
-16867868
-16864203
-16853886
-16846627
-16847693
-16856584
-16870621
-16821407
-16839164
-16924865
-16881423
-16901943
-16981525
-16983093
-16903774
-16940973
-16839035
-16867500
4239
20568
23484
18304
11375
7978
10116
18140
30650
-18312
67826
92186
51203
135990
144097
140557
61379
44042
91701
75211
-5145
-19238
-30526
30066
31142
-28467
-21633
-19541
-21939
-27501
32124
24798
15185
-16843122
-16861847
-16814023
-16826324
-16831840
-16834293
-16841262
-16919320
-16931750
-16934340
-16917107
-16812782
13826
-5734
89987
35785
33560
89008
76933
-4282
-26906
11161
-16859960
-16816895
-16830845
-16838281
-16910979
-16922173
-16937053
-16885817
-16894849
-16896916
-16892550
-16884472
-16939347
-16925914
-16912285
-16834808
-16829946
-16836137
-16917022
-16939324
-16897745
-16984872
-17001124
-16946754
-16950376
-16946016
-16999642
-16983657
-16902748
-16890843
-16883679
-16877192
-16931949
-16916490
-16833927
-16822412
-16820230
-16824369
-16829261
-16828320
-16822194
-16818418
-16826152
-16914835
-16884604
-16984188
-17004646
-17005173
-16988768
-16899945
-16878019
-16927992
-16918057
-16909252
-16837834
-16839476
-16917607
-16876419
-16906779
-16994123
-16996425
-16974736
-16933169
-16818252
3684
-29415
-12176
-7709
-11974
-23557
27254
12138
1434
-16842980
6922
22272
-22186
67332
93975
54772
141884
151553
142813
49078
71934
23122
-16866608
-16839540
-16935972
-16894158
-16978130
-16991424
-16996548
-16992071
-16976929
-16886500
-16920650
-16821024
-16854190
13630
28321
-31545
32246
27938
23667
20043
16287
12509
8381
3439
-16845438
-16855396
-16872015
-16827131
-16914330
-16930022
-16935024
-16928831
-16916663
-16839163
-16830583
-16825506
-16822015
-16820232
-16822609
-16831944
-16916298
-16940269
-16898287
-16979929
-16984495
-16977998
-16896001
-16938010
-16909207
-16810813
2751
-24495
78891
47151
137181
147174
138316
44691
71526
-32427
6903
-16843288
6634
19709
28701
28762
24118
20129
22846
31353
-25619
-20902
-21148
-23593
-22596
-15841
-7169
66335
67808
-1801
-8425
-16914
-23408
-29537
30411
29712
-30120
-14770
74309
33345
52855
64192
135511
141931
153064
101801
112408
108496
152942
54560
88398
72497
79083
38425
135994
162554
112100
119809
124209
129654
200624
199331
122388
102150
145745
65114
59596
60855
61654
56715
48060
42305
44039
54286
64689
131051
52437
94587
73208
68178
84511
52852
156772
121147
202430
206284
205174
203769
199640
120807
158717
51542
70763
31837
6153
-16849029
-16855428
-16862804
-16870245
-16873360
-16866791
-16851979
5431
8419
-16848882
-16811988
-16841660
-16926267
-16928389
-16918992
-16908683
-16839790
-16909258
-16917101
-16920312
-16917876
-16912440
-16841170
-16837302
-16829870
-16812290
-16848496
29857
-8451
-2683
-23190
-16843833
-16828317
-16936867
-16899497
-16977169
-16979294
-16977674
-16907499
-16901062
-16891410
-16879437
-16936554
-16933360
-16936695
-16877975
-16882666
-16883663
-16881880
-16880320
-16884386
-16895464
-16978449
-16999401
-16953842
-16969005
-17041904
-17042412
-16972934
-16968838
-16967609
-16969673
-16973135
-17040296
-17039975
-16971159
-16968991
-16968762
-16969418
-16970258
-16966395
-16955553
-17003263
-16980132
-16891376
-16940640
-16934851
-16876863
-16892304
-16907652
-16979723
-16904838
-16882267
-16918500
-16826173
-16873930
-16866275
-16863590
-16860103
-16851315
6241
20886
31495
31694
20691
3253
-16857164
-16868685
-16870245
-16865641
-16860179
-16858968
-16863310
-16866764
-16863106
-16847881
21077
-16078
72497
86952
95125
37339
50188
132962
151278
101929
112952
119604
122049
119456
108280
152423
57981
94145
74802
71190
82692
36748
56137
133588
136861
135004
131758
62938
59932
53212
40100
87496
66426
-20884
25895
10766
-16844295
-16852164
-16856320
-16855339
-16846358
11621
30859
-14322
65957
75069
75450
68606
-8626
-27007
14697
-16858433
-16829589
-16936571
-16978396
-16953415
-17052495
-17010435
-17021015
-17015279
-17062162
-16968477
-17003764
-16982339
-16905978
-16908414
-16986044
-17002046
-16955463
-17042398
-17066835
-17028414
-17118355
-17134104
-17136216
-17123805
-17036211
-17012148
-17056959
-17042899
-16969044
-16961704
-16957199
-16953067
-16952900
-16959486
-16970457
-17052533
-17006771
-17028353
-17119459
-17082190
-17173956
-17195191
-17138731
-17197989
-17178991
-17083470
-17114574
-17014221
-17044386
-16946602
-16983080
-16893347
-16880972
-16879997
-16893322
-16987596
-16961885
-17008580
-17120351
-17089655
-17172283
-17101840
-17079050
-17114832
-17023262
-17007877
-17067510
-17061353
-17046674
-16953123
-16979707
-16880086
-16926961
-16929951
-16887614
-16981617
-17003507
-16946458
-17006528
-16996514
-16988169
-16983570
-16978255
-16899191
-16875888
-16911807
-16819691
-16871488
-16871178
-16811398
-16816409
-16812546
-16865523
-16853460
-16847963
-16852311
-16865674
-16817123
-16834922
-16916342
-16927602
-16930498
-16920117
-16827146
-16851938
-29173
76711
40648
61592
144823
98949
120826
204026
211812
205786
123235
99493
139625
48698
90109
69098
-11718
-20309
-21952
-19851
-17909
-17106
-16081
-14308
-13572
-16379
-26729
23867
11400
11004
25999
-14249
74934
86460
83169
73050
-577
66773
76639
83256
78931
-4136
-27609
20191
18132
-31844
-3349
93641
52352
63241
56241
34051
67963
-30770
9619
-16845760
-16849070
-16849584
-16855438
-16870070
-16823835
-16838645
-16841615
-16831205
-16813945
-16863688
-16857570
-16860841
-16867778
-16872017
-16868622
-16859005
-16846764
7753
19314
-32535
-14450
70937
87102
95294
93360
86226
79225
75411
75347
73211
65900
-14156
-32025
16374
1847
-16854766
-16870873
-16824969
-16910168
-16923507
-16925872
-16919040
-16908791
-16835795
-16834652
-16836271
-16836733
-16833212
-16829460
-16831161
-16908935
-16929666
-16886374
-16899530
-16899334
-16886067
-16929876
-16839994
-16816643
-16860756
-16843786
8490
7886
-16844015
-16855940
-16860778
-16851799
13473
-22907
67623
80961
82805
77461
71816
67793
-3081
-13539
-31501
11961
-16850754
-16863044
-16865657
-16859392
-16849101
5447
17459
28300
-26303
-17187
-8514
66937
78262
92213
39690
47607
48761
43507
37699
35031
37173
39514
34952
85122
-4276
-30167
16553
11006
17879
-32664
-15706
66433
81788
95540
41210
49092
52116
50184
43760
33613
84249
65658
-21427
24217
10733
3408
447
-16845023
-16851715
-16859126
-16864869
-16863574
-16855373
-16844275
6346
8053
3615
-16845904
-16850191
-16850218
-16844037
9374
22885
-27972
-16591
-11203
-11135
-13043
-8825
73141
34685
65251
153234
158451
146254
56202
94737
70195
-18649
21272
-16851498
-16817575
-16842326
-16916317
-16838082
-16869744
22381
77879
131102
107779
199346
209001
205353
130904
124215
123785
128523
196697
125163
107790
145235
48430
86835
70200
68054
79607
36076
63113
154866
110258
122985
126769
121854
110761
161370
143621
58917
38538
82764
-7522
32374
6369
-16858995
-16873375
-16813642
-16810176
-16865270
-16852652
1810
9604
11701
8738
288
-16854076
-16865682
-16811615
-16819548
-16824138
-16826205
-16824494
-16820456
-16815718
-16875203
-16871040
-16869796
-16873219
-16816616
-16831509
-16914316
-16930216
-16937701
-16932719
-16914774
-16825625
-16873759
-16871576
-16822379
-16914632
-16939840
-16887776
-16890583
-16892152
-16905556
-17000995
-17040291
-17007536
-17017468
-17064251
-16959452
-16982194
-16886187
-16939478
-16939926
-16878387
-16875960
-16931238
-16918453
-16842872
-16839262
-16841410
-16910217
-16911336
-16908667
-16837389
-16831979
-16829594
-16830997
-16833474
-16834507
-16831731
-16823507
0
